-79.919114	-2.208713
-79.964561	-2.189679
-79.90114	-2.235284
-79.585091	-2.125006
-79.91179	-2.18248
-79.964366	-2.194242
-79.806682	0.887044
-79.822946	-2.157149
-80.704069	-0.963325
-78.510856	-0.235515
-78.54125	-0.267317
-78.439299	-0.184602
-79.751527	-1.553391
-78.631225	-1.248662
-79.919147	-2.208726
-79.831395	-3.245062
-78.550039	-0.256606
-79.808467	-3.331324
-79.919099	-2.208716
-79.820223	-2.150347
-79.399144	0.012371
-79.929035	-2.161853
-78.474434	-0.173154
-78.51828	-0.229014
-79.842983	-2.162409
-79.828021	-3.246526
-79.907473	-2.230551
-80.46286	-1.050563
-78.0958	-1.7899
-79.984517	-2.181298
-78.655519	-1.662283
-78.542227	-0.310132
-79.912834	-2.196386
-79.904735	-2.134159
-80.488493	-1.022615
-79.874174	-2.263965
-79.876266	-2.057622
-78.846784	-2.202245
-78.967895	-2.018018
-80.414799	-1.11047
-78.468971	-0.102628
-79.913963	-2.081931
-79.86511	-2.146425
-79.94354	-2.196261
-77.005802	-0.444772
-78.419953	-1.395469
-79.593431	-2.12818
-78.502851	-0.212157
-78.988675	-2.913797
-79.900478	-2.122951
-79.624408	-3.702708
-79.022996	-2.89286
-79.948093	-3.26902
-79.891202	-2.230149
-79.798108	-2.171651
-80.070457	-2.212089
-79.786596	-3.327462
-79.924043	-2.191711
-79.970903	-3.252217
-79.75234	-1.557538
-79.903898	-2.089515
-79.251397	-0.351187
-79.94329	-2.162613
-79.843231	-2.069094
-79.897175	-2.123526
-79.857544	-2.10933
-79.90256	-2.109259
-79.91802	-2.159505
-76.985916	-0.465696
-79.83391	-2.154539
-79.943538	-2.196266
-79.799948	-2.170003
-79.940006	-4.380832
-79.903277	-2.111152
-79.904719	-2.125235
-80.670582	-1.007607
-79.893821	-2.243677
-79.940421	-2.125611
-78.470886	-0.296254
-78.452156	-0.160029
-79.855461	-2.185433
-80.509346	-0.760436
-79.904553	-2.166369
-79.939297	-2.162324
-79.905254	-2.132829
-79.169177	-0.257053
-78.430523	-0.090776
-80.686741	-0.959846
-79.964367	-2.194242
-79.988372	-3.255313
-79.910712	-2.11291
-79.183406	-0.244137
-78.359904	-0.126436
-79.891774	-2.233754
-79.541295	-1.805734
-79.897311	-2.244106
-79.969693	-3.263696
-79.940368	-2.153688
-79.890855	-2.230337
-79.200481	-3.978634
-80.92246	-2.259275
-79.596413	-2.135983
-79.200492	-3.978593
-79.138241	-2.201961
-79.904326	-2.125216
-78.441871	-0.33253
-80.387109	-2.633988
-79.906004	-2.13219
-79.933294	-3.265978
-79.399144	0.012371
-78.15185	0.367951
-79.897506	-2.225925
-79.526558	-1.802316
-79.804226	-2.172807
-79.91745	-2.084001
-78.504814	-0.188914
-79.897532	-2.225899
-80.701699	-0.976375
-79.897702	-2.130036
-79.843248	-2.073033
-80.920914	-2.236341
-79.545479	-1.808038
-79.898688	-2.116207
-79.904943	-2.128102
-78.291549	-0.084113
-78.520549	-0.239419
-79.752891	-1.556728
-79.890928	-2.252535
-79.906895	-2.17651
-80.463043	-1.050366
-80.71286	-0.952789
-79.469152	-1.020966
-78.399381	-0.197246
-80.747016	-1.847005
-79.90364	-2.164441
-78.954132	-4.066175
-79.757091	-1.557937
-79.897194	-2.123517
-79.91145	-2.065342
-79.916043	-2.200471
-78.509949	-0.093836
-79.199833	-3.976523
-80.467769	-1.054766
-79.960606	-3.259265
-78.0958	-1.7899
-79.941794	-2.087132
-78.50995	-0.093836
-78.50995	-0.093836
-79.006584	-2.899622
-78.451432	-0.101028
-78.50995	-0.093836
-79.024436	-2.905467
-78.132953	0.341291
-79.237313	-0.332475
-78.488517	-0.115374
-79.927578	-2.230512
-78.973694	-2.889094
-78.452649	-0.098453
-78.48941	-0.114212
-78.360252	-0.124246
-79.907273	-2.187467
-79.80422	0.89349
-78.552156	-0.315583
-79.906384	-2.20521
-79.933409	-2.079306
-78.485405	-0.157855
-79.90638	-2.205232
-79.927998	-2.145055
-79.926451	-2.129689
-79.930153	-2.19891
-78.547998	-0.263614
-79.964561	-2.189679
-79.037287	-2.913699
-79.927231	-2.144954
-80.719431	-0.956601
-79.045591	-2.883984
-80.687561	-0.962591
-80.472819	-1.043475
-78.698166	-0.949757
-79.836086	-2.159183
-79.864215	-2.157213
-78.173859	-2.458698
-79.816392	-2.909918
-79.805556	-3.324658
-78.415314	-0.211291
-79.89425	-2.220951
-79.59259	-2.13375
-79.908631	-2.104227
-79.933294	-3.265978
-80.752438	-1.826092
-78.637363	-1.271921
-80.749065	-0.944241
-79.463716	-0.274943
-79.949117	-3.257841
-78.0958	-1.7899
-80.798129	-2.156036
-79.514342	-1.803477
-79.942549	-2.173177
-79.898099	-2.130296
-79.601585	-2.595945
-79.845109	-2.164581
-79.960274	-3.267842
-78.486571	-0.193897
-79.909671	-2.06875
-79.0624	-2.91478
-79.47512	-1.573197
-79.89425	-2.220951
-79.902901	-2.235264
-79.857472	-2.109263
-78.449844	-0.308114
-78.17139	0.010807
-78.50564	-0.24245
-79.908011	-2.138042
-79.916553	-2.238859
-79.481515	-1.044485
-79.962067	-2.098523
-79.875652	-2.064576
-78.0958	-1.7899
-79.856523	-2.145346
-80.681658	-1.023714
-79.905184	-2.12813
-79.914919	-2.136631
-79.97158	-3.266352
-78.509328	-0.246523
-78.593442	-1.194083
-80.578194	-1.347543
-80.392642	-2.638518
-80.931739	-2.226833
-79.956519	-4.103308
-80.460287	-1.055676
-79.463572	-1.028199
-80.465585	-1.055654
-78.622675	-1.263684
-79.162646	-0.255994
-79.934209	-2.206041
-79.90067	-2.21575
-80.75283	-1.825437
-80.578867	-1.349104
-78.479504	-0.18003
-80.934346	-2.220507
-80.74888	-0.94426
-80.663866	-0.964259
-79.901684	-2.193672
-78.846785	-2.202245
-79.916709	-2.098783
-79.916718	-2.098713
-80.0683	-3.555432
-79.903416	-2.235388
-79.890366	-2.049277
-80.698422	-0.981744
-78.990561	-2.906752
-78.438575	-0.21784
-79.941381	-2.096574
-79.877438	-2.058861
-79.905194	-2.158191
-79.812355	-3.325799
-79.907919	-2.157922
-79.911851	-3.784212
-79.927832	-2.17655
-80.467069	-1.043546
-79.903526	-1.366246
-79.864258	-1.31749
-79.891664	-2.229123
-79.488477	-2.000116
-78.521835	-0.246743
-79.841128	-2.175049
-78.413898	-1.392536
-78.960061	-2.862654
-79.908507	-2.237488
-79.010064	-2.922363
-78.513813	-0.225429
-79.922785	-2.217268
-80.579544	-1.350138
-78.520224	-0.25716
-79.938129	-3.250086
-79.79545	-3.329701
-80.977894	-2.199863
-79.918944	-2.143627
-79.910434	-2.201605
-79.903129	-2.145037
-79.601585	-2.595945
-79.840212	-2.181236
-80.107129	-0.695391
-79.903605	-2.217086
-79.905343	-2.212368
-79.917853	-2.163507
-79.959546	-3.445248
-79.820506	-3.760736
-80.46702	-0.966742
-79.913966	-2.081928
-79.908269	-2.163881
-80.944629	-2.22116
-79.884817	-2.249759
-79.912376	-2.03429
-79.879342	-2.251569
-80.588976	-1.356102
-79.904407	-2.187309
-79.89909	-2.22058
-78.991807	-2.90225
-79.828023	-3.246526
-80.052967	0.07323
-80.880251	-2.208845
-80.509686	-0.757385
-79.001291	-2.909202
-79.927331	-2.213212
-79.977436	-1.860724
-78.627848	-1.243459
-79.007016	-2.897568
-78.359813	-0.124368
-79.59572	0.986944
-78.478091	-0.188357
-79.462105	-1.024095
-80.969339	-2.206705
-80.465711	-1.036548
-79.849618	-2.176793
-80.865604	-2.210529
-79.907584	-2.230398
-78.641067	-1.261778
-79.53867	-1.80142
-79.926116	-2.224783
-78.499093	-0.198236
-79.531765	-1.80173
-79.967228	-3.277583
-80.227313	-3.484227
-78.507416	-0.193127
-79.900282	-2.241451
-79.918514	-2.079519
-78.438894	-0.015645
-78.482278	-0.161511
-79.918186	-2.085264
-78.118596	0.335015
-79.844223	-2.182424
-79.011377	-2.896414
-79.806991	-2.175055
-79.844223	-2.182425
-78.513404	-0.260725
-78.513475	-0.260924
-79.900286	-2.241457
-79.968414	-2.183194
-79.581136	-2.141556
-79.962402	-2.097285
-78.850004	-2.205413
-78.470214	-0.305906
