100.634323	13.752459
100.512017	13.769039
100.509775	13.74943
100.702442	14.109557
100.535533	13.745972
102.971904	17.140043
99.021035	18.83013
100.812138	13.558881
100.581481	13.946238
99.143623	10.594585
98.960744	18.789874
100.546897	13.782814
100.957301	13.345637
100.593299	14.358671
100.601828	13.628441
100.6301	13.789251
100.427198	13.897725
100.868067	12.924503
101.261141	12.691017
100.533177	13.736846
99.967108	13.801711
100.571835	14.355528
100.166491	18.152703
100.515508	13.786414
100.64278	13.841179
100.452131	13.659399
99.880563	20.183843
100.600776	13.80041
99.926769	20.370748
102.127026	14.954526
100.651251	13.846337
100.533895	13.758955
100.494583	13.759139
100.48934	13.744182
102.221562	12.44858
100.546952	13.782223
101.204638	13.423033
104.819842	15.164749
100.325531	13.745608
101.182793	13.435117
100.56027	13.737469
102.147932	15.053484
100.688315	13.788948
100.398339	13.908336
102.098114	14.974637
98.963715	18.798284
100.572818	13.781083
100.615676	13.66916
101.974576	6.038214
100.613044	14.808317
100.824003	13.563262
104.743906	15.987108
100.530901	13.770799
99.033123	18.621654
100.46821	13.67782
100.200644	16.73763
100.352304	13.839008
100.473984	7.017041
100.604111	13.829583
99.002349	18.775145
100.635134	13.755865
101.142901	12.815658
100.650927	13.694019
100.434403	13.633825
100.570614	13.954344
100.573477	13.71559
100.647108	13.765533
100.246557	18.132022
102.043117	14.948781
100.459729	14.608763
100.581465	13.860353
99.107832	16.895974
100.609593	13.690187
100.510467	13.740079
99.508171	16.477188
102.577541	17.840537
100.43893	13.804775
100.515905	13.698302
99.7861	13.47631
99.076647	18.840298
102.746685	17.862083
100.825583	13.808061
100.551134	13.823553
100.569093	13.751494
100.825583	13.808061
98.955008	18.819428
100.520154	13.792127
100.551817	13.80518
100.071836	13.818177
101.727464	17.481416
104.743907	15.987109
99.781053	19.864063
100.041174	13.812488
102.758067	17.887983
100.128793	15.678553
100.614731	13.704034
99.565259	18.357312
103.461235	17.47408
99.91955	8.433042
99.918759	8.433347
100.632195	13.692251
100.692935	13.992227
100.535258	13.817874
99.008402	18.899561
100.596221	14.077174
102.746658	17.86208
100.663707	14.798037
100.717944	13.790133
99.610634	14.044497
102.764077	17.889158
102.826185	16.475608
100.538	13.718559
100.660144	13.956907
100.725039	13.716577
100.496816	13.759322
100.578237	14.357962
98.95453	18.790551
101.179413	13.429531
100.395588	13.954621
100.499425	7.012774
99.51915	16.483543
99.949738	12.581647
100.045709	13.812777
102.790812	14.639827
100.420676	13.876429
100.566438	13.768152
100.567174	13.763922
104.875347	15.244903
98.958076	18.797668
100.555478	13.766868
102.835984	17.389316
100.633594	13.781251
100.650361	13.77665
98.954518	18.790582
103.336735	15.937671
102.82668	16.463704
100.653068	13.777719
100.890249	12.936704
100.590001	13.908607
99.493592	19.584675
100.517254	13.718822
104.839625	15.240775
103.457115	16.130719
100.643849	13.966699
100.551656	13.741368
100.790022	13.722338
102.771593	17.405255
100.889368	12.925139
100.801055	13.847925
100.504566	13.859763
100.530538	13.759794
99.955081	12.569218
102.108943	14.997205
99.793672	11.802327
102.816755	16.485626
98.967243	18.802743
100.118352	18.062547
99.018472	18.889094
102.824744	16.462913
99.512545	18.310364
98.957882	18.789829
100.553181	13.722704
99.869911	20.099484
99.907198	20.196212
98.955076	18.81949
98.29903	7.89471
98.368428	7.875904
100.041267	13.821947
100.536873	13.769251
101.217317	14.681161
100.639914	13.693444
102.577441	17.84056
99.410906	8.342732
99.456389	18.290094
99.477969	18.286127
100.338777	16.446403
99.495056	18.291668
98.955809	18.798558
100.168892	18.165533
99.344	18.327884
103.493617	16.332952
100.551697	13.741269
100.084477	7.615111
99.571878	7.694485
100.720621	13.814123
100.319938	13.79315
104.710654	16.938036
100.399317	13.816324
99.108459	14.423419
100.925504	13.114876
100.589368	13.732674
100.606656	14.065735
100.486481	7.029391
99.89197	19.917462
99.309328	16.208251
100.772949	13.723604
100.53997	13.75518
103.386093	16.227693
100.464415	7.011334
100.040256	13.813184
100.24167	14.087732
99.825205	19.902755
99.881222	20.042813
100.536312	13.732243
99.028335	18.789107
100.582122	14.352898
100.831912	13.866131
99.830426	19.890826
100.756473	13.615778
103.082327	16.219999
101.253993	14.636233
99.908464	19.173841
99.936428	13.117058
100.552885	13.715547
100.345054	14.592421
100.451157	13.803316
100.502982	13.655713
99.031794	18.820413
100.40557	13.860479
101.254022	14.636266
100.50135	13.8598
102.113	12.6114
99.057381	18.756763
100.672696	13.893306
102.820932	16.449862
100.732096	13.833729
100.518978	13.70613
100.755068	13.614611
102.765225	17.89418
100.529495	13.70334
100.46476	13.765668
100.518306	13.785363
100.50135	13.8598
104.148424	17.168322
103.288648	16.206836
100.526566	13.767611
99.026911	18.886041
100.310527	13.728755
100.615947	13.75999
100.680185	13.766307
100.507103	7.001933
100.554101	13.927651
100.923017	13.116049
100.923032	13.116035
100.644143	13.763188
100.041187	13.812789
102.508365	13.687818
100.567997	13.76633
100.750265	13.694491
100.655816	13.587965
100.536172	13.735356
100.565275	13.724492
100.719367	13.924677
100.617943	13.75999
103.454815	16.802239
100.660946	14.039773
100.589817	13.818545
99.12871	16.88631
101.73434	17.484565
102.254326	15.18044
104.848209	15.244134
100.337397	16.544417
104.334842	16.439283
100.532714	13.863766
100.935719	13.275858
99.826452	19.906218
100.608784	13.757935
102.837243	16.420489
100.504382	13.75728
103.20964	16.640281
100.548677	13.763989
100.196839	15.650654
104.052732	17.155799
99.706401	16.213543
100.594186	13.884441
99.828446	19.907301
102.620974	16.771302
100.590511	13.564548
101.051562	13.391719
100.784242	13.787648
102.039592	14.969821
100.553526	13.857988
99.963945	13.328133
100.044742	13.815283
100.566842	13.891266
100.613674	13.783808
102.034651	14.876356
101.051562	13.391719
100.648245	13.69711
100.492329	13.723063
99.023282	18.829656
102.828721	16.438572
100.899765	12.663818
100.946771	13.020008
102.080604	14.975535
100.970245	13.166067
100.602636	13.915505
99.146588	18.900191
99.8258	19.906926
101.255847	13.58701
100.532868	13.746293
100.405102	13.736212
100.75968	18.782987
100.488992	13.756958
104.834265	15.27127
100.488722	13.70961
100.537919	13.691203
100.077521	13.704263
100.579461	16.167777
101.664805	13.777104
100.535668	13.733354
103.620427	18.341707
100.633145	13.865893
100.467572	13.718907
102.816271	16.481984
100.724384	13.812137
102.061903	14.881239
100.602393	13.887807
100.507146	13.740604
100.672946	13.60225
99.487738	18.235803
100.616394	14.042232
100.548176	13.786192
100.07303	17.280121
99.549029	17.312006
99.001172	18.579678
99.994384	12.402095
100.451705	7.001082
100.540354	14.114185
103.234435	16.255087
102.821899	16.412721
100.667716	13.924309
99.762887	13.563998
99.344615	17.530078
100.650371	13.868565
102.851355	16.425547
100.569833	13.829764
100.408925	13.726193
100.558085	14.354862
100.500628	13.747888
100.341773	13.706816
99.861898	12.647037
100.90837	12.964821
97.936276	18.213367
100.287999	13.738459
100.515146	13.906042
102.78243	17.406678
99.894953	20.047758
100.731499	13.773751
100.63449	13.759915
103.752402	16.810502
100.610687	13.787189
100.508385	13.74969
100.693007	13.994553
100.72734	13.717127
100.569768	13.766217
104.853612	15.277037
101.952991	14.930336
103.068391	14.982786
100.415794	13.643994
100.51429	13.723824
100.634703	14.358123
100.711635	13.780695
100.53459	13.746024
100.922613	13.113268
100.628877	13.736165
100.408882	13.726298
100.650374	13.868557
100.324816	13.79313
100.530982	14.574837
100.05991	13.820937
100.26164	13.715327
101.336062	12.806421
98.951448	18.792062
101.000828	13.324391
100.701907	13.786025
100.509707	13.777498
100.428896	13.806793
100.650438	13.868549
100.59522	13.924821
100.57977	13.845261
102.808769	17.426421
100.736557	13.877684
102.8327	16.417006
100.472886	7.023243
100.560501	13.73728
100.652048	13.76001
101.23578	6.876902
98.952343	18.787431
102.826704	17.45486
102.801424	17.562201
100.786964	13.718424
100.039809	13.821026
99.001765	18.793033
100.542172	13.751855
100.58349	13.747926
100.534637	13.744239
100.574401	13.79545
100.05421	15.550227
103.495458	14.887249
100.509541	13.801823
102.099518	14.975735
100.924533	13.286495
100.506052	13.645874
100.49602	13.817661
102.070215	14.971034
100.643612	13.957232
102.189048	14.849534
100.486097	13.759838
100.712833	13.783454
104.027528	17.527312
102.638696	16.772155
100.541925	13.856421
100.513188	13.76011
100.731275	13.768591
102.820574	16.476969
101.247622	6.883182
100.952384	13.150365
100.5091	13.707597
100.726127	13.589251
100.42641	13.62006
100.777963	13.728067
100.525181	13.719447
104.722645	16.540478
102.83646	17.382948
99.095981	16.910043
100.563381	13.748939
98.921242	18.804492
100.642619	13.766439
100.405779	14.877354
103.486886	14.884022
99.817441	13.529708
100.946841	13.019897
101.693792	14.862305
102.834704	17.930287
100.575624	13.832646
98.996294	18.795201
100.774654	18.781324
102.824428	16.464606
99.89593	20.34806
102.825704	16.509458
100.602371	13.921382
99.011877	18.825135
99.816749	13.542387
99.961107	7.360114
102.638678	16.772343
101.374854	14.068316
100.661641	13.774293
99.899974	19.027934
100.540609	13.744064
100.760579	13.621507
100.554101	13.927651
100.929679	13.277147
100.687144	13.793421
98.988809	18.791202
100.64115	13.627045
99.969451	13.54279
102.826771	16.436368
100.883034	12.935163
100.605334	7.196503
102.781406	17.399483
100.681458	13.64728
100.491271	13.781763
100.536142	13.759813
100.554265	13.804974
102.099126	14.9776
100.449209	13.669099
100.33642	13.847833
100.545989	13.688259
99.477375	18.2729
100.486885	13.913837
100.516791	13.737634
100.45358	13.670941
100.541629	13.74969
100.618511	13.824831
100.671735	13.765676
100.467997	13.769115
99.496772	18.283506
99.959626	12.557697
102.262684	16.118326
99.875922	20.048738
100.504201	13.76227
99.399728	18.316539
100.330919	13.649338
101.078266	16.057011
101.139794	13.706953
100.686885	13.919628
100.508818	13.759256
100.584496	13.718983
102.483985	15.238845
100.65867	13.825564
100.619905	13.829985
100.545956	13.68831
100.51044	13.618878
101.063951	12.721591
103.254535	16.239326
100.653026	13.75508
100.606718	13.809589
100.602402	14.074636
100.636098	13.690257
99.924436	12.985815
100.573706	13.834712
100.524692	13.706851
103.301728	16.177799
100.533142	13.744721
100.945082	13.090548
103.328814	16.166452
100.491536	13.89381
100.478125	13.776724
100.381464	15.196591
99.73834	18.307468
101.056551	13.216022
101.12332	13.316729
100.607348	13.837979
100.93298	13.279279
99.504175	18.275165
100.53942	13.748922
101.075179	13.695197
102.832018	17.394719
102.076706	14.97942
100.967982	13.102715
99.943834	13.465121
102.743248	17.87201
100.522407	13.737738
100.545956	13.688288
100.522407	13.737738
100.24817	16.831537
100.343113	14.98378
100.71064	13.605787
100.99098	13.12079
100.590762	13.828679
100.572343	13.635985
104.323813	15.098689
101.720876	17.484314
98.987092	18.807791
100.560501	13.738134
100.554997	13.740903
100.628786	13.685247
100.64752	13.632348
99.994766	12.826135
100.618211	13.861362
100.533713	13.703912
99.508114	18.23966
103.10406	14.997565
102.761607	17.430199
99.010342	18.805835
99.002455	18.775874
100.488993	14.372831
100.261566	15.13389
100.515827	13.715263
98.984917	18.807662
100.42692	13.767879
100.696456	13.724555
100.539835	13.913097
100.500828	13.747748
100.513995	13.671573
99.880563	20.183843
99.496647	13.939609
99.365619	9.083447
100.632449	13.774672
100.911056	14.562658
100.448649	13.841537
103.276329	16.201652
100.5575	13.74117
102.09256	14.978147
100.448093	13.746345
100.475945	14.040418
98.968519	18.769871
100.494633	13.911502
100.490553	13.751312
98.951795	18.800817
102.780751	16.528124
100.572784	13.942183
100.404868	13.892491
100.560282	13.816296
100.928326	13.276814
99.830795	19.906357
100.622615	13.541661
100.642083	13.767147
100.500828	13.747748
100.531478	13.733478
100.490603	13.751348
98.98694	18.798645
98.983581	18.882455
100.700008	14.564937
100.712294	13.932291
99.052062	18.58611
100.638339	13.864157
100.566346	13.756745
100.756674	13.617543
100.54409	13.743274
98.989798	18.831192
100.122342	15.693504
100.071837	13.818136
100.644558	13.827953
100.533963	13.744264
99.744307	14.099566
102.057265	14.985017
100.560305	13.816218
100.565003	13.881501
104.724637	17.394452
100.6401	13.768152
100.717215	13.86547
101.072043	13.025601
99.368436	9.082591
103.657522	16.057536
102.130152	16.375338
100.547423	13.855856
100.475692	13.717067
100.548295	13.911415
102.815355	16.47052
99.94546	13.108734
100.650279	13.868573
100.734945	13.934585
101.175799	13.45069
100.562517	13.721824
100.330919	13.649332
102.1031	14.974857
102.827827	16.455603
100.53459	13.746024
100.622615	13.541661
100.501888	13.609051
99.30933	16.20838
100.586802	13.740283
100.628562	13.738239
99.875032	20.043428
100.57725	14.343562
100.494732	13.681274
99.529901	16.479173
100.903393	12.947438
98.95109	18.798326
100.590516	13.983082
100.54627	13.793051
100.531896	13.746452
100.962323	13.554572
100.637428	13.91149
100.701134	13.854799
100.60564	13.882614
100.681458	13.64728
99.051984	18.585899
100.549282	13.797976
100.495365	13.785137
100.557455	13.81407
100.325758	13.792832
103.262294	16.234919
99.96284	12.569518
101.296628	14.566518
100.540451	13.740215
100.537438	13.697472
100.672763	13.776429
100.490498	13.750485
100.668595	13.854062
100.548295	13.911415
100.570478	13.846372
100.607979	13.628534
100.534727	13.75836
99.910388	19.029574
100.665791	13.847635
100.579099	13.820499
99.883526	19.921092
100.681458	13.64728
100.496265	13.783834
99.883408	19.921066
99.821743	19.899742
100.573713	13.839675
100.546119	13.896038
100.537256	13.761858
101.160937	14.292838
100.561308	13.736406
102.816158	16.482298
103.518174	14.860859
101.705251	14.005612
104.430979	14.622062
104.645811	15.876908
99.5447	16.471786
100.475159	13.775662
102.782065	17.4078
100.680943	13.646592
100.639233	13.838282
100.496819	13.736102
101.138821	16.41183
99.490723	18.308886
100.403296	13.621698
99.010981	18.885861
100.543715	13.764082
100.574344	13.753728
100.540201	13.746209
100.548225	13.91418
100.628785	13.635447
100.650281	13.868574
99.518906	18.300816
101.732303	17.726525
100.582455	13.710113
100.565282	13.757794
100.061291	9.530611
99.81761	19.89928
100.584469	13.732387
98.958528	18.790437
100.373844	13.580919
100.475429	7.004287
100.630849	13.772193
101.007987	12.84584
100.548999	13.743054
100.261585	13.55975
100.497545	13.679285
100.361609	15.271968
100.684982	13.670399
100.56097	13.81628
100.56787	13.772306
102.116493	12.565621
100.956753	13.140808
100.156706	7.601041
102.013515	14.892821
100.533363	13.759113
100.548769	13.85601
100.55716	14.593161
100.53401	13.746019
100.393887	13.773322
102.765169	17.894118
102.800668	17.404348
104.298603	15.195437
100.597989	14.072619
100.587006	13.855805
100.481912	13.787921
102.188213	14.915363
100.622615	13.541661
102.979876	16.399058
98.362657	18.499336
98.921393	18.8047
102.757945	17.888697
103.778584	15.650445
100.039208	13.81114
100.928397	13.279964
100.658379	13.581423
100.567837	13.720095
100.530056	13.770858
103.478695	14.875422
100.364043	13.943077
100.53135	13.709599
100.924701	14.521944
100.330439	13.599924
100.617916	13.9094
98.991395	18.805603
100.532119	13.730002
100.53459	13.746024
100.927892	13.287472
100.92136	13.109115
98.924025	18.749128
98.966606	18.785419
100.602251	13.684291
100.523446	13.909489
99.958858	12.557706
98.954919	18.798936
100.597919	14.110604
100.921299	13.285644
99.953031	13.102076
102.090353	14.971177
100.727494	13.720053
100.478261	13.776349
100.308123	13.705931
100.407817	13.757358
100.407231	13.69109
100.358044	15.203868
100.3685	13.71251
100.650023	13.786609
99.1985	10.660669
102.769118	17.772691
100.808242	14.287169
102.114422	12.610859
100.600089	14.072022
100.537133	13.904211
100.54448	13.744366
102.759911	16.196934
104.09627	17.21895
100.063692	13.838848
103.396468	16.148651
100.961981	13.161204
99.956946	13.085618
100.528814	14.028382
100.539573	13.745771
100.52151	13.953252
100.768771	13.582783
100.202731	16.747138
99.495121	18.287021
100.552217	13.800662
99.495113	18.287008
102.834395	16.393444
100.625286	13.69058
100.442847	13.766914
100.612247	13.756663
104.732029	17.341422
100.560565	13.816119
101.147751	13.698422
98.995359	18.804882
99.845646	13.526943
100.590354	13.871349
102.259205	15.884436
100.515386	13.719882
100.509627	13.889287
100.53944	13.745857
102.809808	17.37488
98.995359	18.804882
101.438607	13.745801
100.039232	13.811132
100.498414	13.736525
102.830322	16.417686
99.122434	16.875394
99.561587	11.437413
100.091769	17.628606
100.583396	13.721292
100.580216	13.819952
100.937218	13.282722
103.059689	17.999778
100.569675	13.765693
102.075713	14.980682
100.647797	13.688549
100.538822	13.764811
99.833611	18.079215
98.900705	18.540867
99.772689	13.90991
100.780318	13.722981
100.434566	13.712413
99.005284	18.796804
102.775077	17.408684
103.282754	16.197974
100.601628	13.885327
98.989666	18.775238
100.494583	13.756454
104.500275	16.944195
100.420353	13.642308
100.80623	13.870486
100.537308	13.751392
100.615583	13.774094
98.94693	18.699186
100.529108	13.733445
98.942164	18.738417
100.847341	13.797766
102.062185	14.884235
98.300817	7.89209
100.617699	13.551101
100.925095	13.276131
100.644057	13.706755
100.5204	13.798166
100.637807	13.886886
100.194116	16.758125
100.517021	13.789924
101.042255	14.597811
100.53944	13.745857
100.881276	13.848903
98.347557	7.914898
100.537522	13.73191
100.53459	13.746024
98.99257	18.854129
100.547491	13.910058
100.502347	13.729722
102.825965	16.475344
98.307715	7.779734
100.5478	13.91141
100.327312	13.798922
101.273795	12.690697
100.576274	7.133214
103.258126	16.240944
100.30834	13.706036
100.619242	13.760069
100.562326	13.783474
100.572483	14.361142
100.5422	13.726746
100.641676	13.767954
99.815678	19.892125
100.548295	13.911415
98.780507	8.664168
100.534859	13.758092
100.299148	14.039079
100.650373	13.868547
100.52487	13.932756
100.582819	13.734377
100.506055	13.744629
100.745912	13.501164
98.95178	18.800942
100.565949	14.423947
100.746158	13.688815
100.332703	16.441733
104.857026	15.183794
100.533823	14.017321
101.126752	13.322065
99.690302	14.835645
100.680381	13.645811
100.552177	13.984786
99.227066	9.103781
102.186144	15.051691
98.953102	18.793459
100.584829	13.73236
100.424001	13.70419
100.708183	13.631592
100.937647	13.269868
99.319235	9.096628
104.15558	17.152629
100.545452	13.763418
100.676908	13.826631
100.301885	13.79246
100.083982	15.297705
100.610991	13.753397
102.823008	16.478477
100.474543	13.673151
99.908521	13.926434
102.08725	14.983411
100.510351	13.804818
100.565693	13.758144
102.84204	16.485904
100.510417	13.694301
100.62326	13.758538
103.293503	16.196616
100.613734	13.990448
100.448716	13.821643
100.833357	13.612309
103.618613	16.0636
100.488169	13.766547
101.953168	14.930146
100.778188	14.013416
98.987734	18.779523
100.539129	13.765827
101.700771	14.806799
100.11181	15.706071
100.562975	13.747219
100.548225	13.91418
100.452914	13.765766
102.07717	14.98067
100.312668	15.635777
100.535714	13.864309
100.613308	14.039507
100.539591	13.704797
100.576491	13.889712
102.865212	14.51132
100.546625	13.744059
100.534655	13.728368
100.051995	6.63432
100.438742	13.663503
100.56065	13.816257
100.300633	14.749374
100.836201	13.602847
99.908285	19.173936
99.538131	16.481867
100.717508	14.56201
100.38022	13.796919
100.548377	13.91149
100.404743	13.71407
104.133919	17.263313
99.753038	13.620787
100.561958	13.774675
100.508473	13.748785
100.709139	13.722243
101.423355	14.70923
99.954752	12.631892
100.04754	14.496823
100.482421	13.74826
100.434199	13.712364
102.190167	14.851331
100.535869	13.801999
100.361491	13.717172
99.955384	13.426385
100.630234	13.731751
100.992322	13.370746
101.241014	6.879864
100.487624	13.791669
99.863323	12.647256
100.588193	13.667666
104.912812	15.114416
101.336208	12.806424
100.522052	13.731774
102.825273	16.488539
98.980301	18.806609
100.560615	13.81623
100.600408	13.798162
99.906152	20.35346
100.587845	13.79383
100.849077	13.613121
100.457652	13.699815
100.462899	13.755855
100.492596	13.639639
100.534065	13.745659
99.895561	20.007812
101.248469	13.551508
100.337347	13.681403
100.623337	13.629223
104.174655	15.124364
100.60238	13.739209
101.128585	13.305475
104.32525	15.114592
100.526827	13.735254
100.498456	13.787641
101.41589	14.703604
100.574409	13.837904
100.590902	13.828428
100.599329	7.195629
99.011367	18.896947
100.47491	13.729742
100.286949	13.713031
100.607945	14.358349
98.965442	18.790288
100.593019	13.628847
100.548225	13.91418
100.548295	13.911415
100.539896	13.7461
101.72448	17.731785
100.518684	13.854361
100.880016	14.542117
102.114413	12.610959
100.895108	12.936142
98.995877	18.743665
100.633818	13.670412
104.951041	15.00119
100.564571	13.717896
100.612614	13.678858
100.479178	13.898917
103.261385	16.237801
100.637353	13.933772
100.532829	13.745522
100.657934	13.621247
102.501561	13.69029
103.384875	15.845121
100.633142	13.807937
100.671274	13.82203
104.83375	15.262115
100.640345	13.785508
100.80808	13.805901
100.502234	13.908508
100.165531	14.014288
100.575362	13.740981
100.676305	13.554194
102.780754	14.629258
100.602635	13.966932
99.982319	12.791712
100.11454	15.700849
100.412966	13.654954
100.253581	13.743777
100.404067	13.648411
100.329389	13.786204
100.483203	7.001757
100.627822	13.794254
102.815823	16.48158
100.243115	16.794824
102.763672	16.439883
100.511717	13.704628
100.604162	13.748008
100.589541	13.793595
100.507534	13.721814
100.576159	13.846612
100.64012	13.779897
102.077768	14.976289
99.01094	18.758996
100.301116	13.800315
100.374645	13.91459
100.039652	13.813067
98.301252	7.90043
100.700863	14.56485
103.255309	16.23408
99.537945	16.481916
104.858724	15.29041
100.591606	13.964426
100.483249	7.001574
100.47148	7.00212
98.980538	18.919357
100.697063	13.613203
103.107346	14.990204
100.529675	13.702373
100.354815	13.698694
100.511126	13.805251
99.540435	16.464689
103.313528	16.178864
100.498507	13.758943
98.95714	18.807237
102.577489	17.840499
99.491192	18.236741
103.529534	14.957964
100.677178	13.82147
100.608657	13.772995
100.51422	13.688718
100.607349	13.628177
99.009027	18.575854
100.405344	13.776603
100.239516	16.823935
99.535602	18.311192
100.626245	13.795765
100.542083	13.990409
103.858811	18.262995
103.475514	17.46967
102.187082	17.30643
100.529495	13.70334
102.851277	16.425273
100.638094	13.706868
100.580055	13.852657
99.548942	17.312022
100.123726	14.472363
100.486545	13.758449
104.624307	15.865145
100.53016	13.702577
100.666404	13.996843
100.305782	13.803054
104.147749	17.167757
100.616085	13.764661
100.529096	14.028325
99.880455	20.042938
98.955852	18.797777
100.59719	14.073248
99.793466	19.87443
102.102951	14.97578
101.289056	6.50138
100.631951	13.761973
100.939553	13.276811
100.060238	13.81865
100.620163	14.138504
100.14707	18.098942
103.229955	16.190407
100.504802	13.796387
100.437261	7.006744
100.20329	16.747561
100.586617	14.476035
104.161849	17.15684
100.732096	13.833711
100.602371	13.768143
100.393365	13.741185
100.56235	13.683273
103.712154	16.786591
100.546126	13.86927
100.496855	13.649211
99.929096	19.038188
98.995891	18.771203
99.005488	18.900027
102.080877	15.02312
100.122663	15.694385
102.820922	17.384275
102.222044	12.451008
100.546488	13.945606
103.310631	16.192196
104.646179	14.647294
100.51514	14.004295
100.723269	13.813199
104.199481	14.759323
100.502966	6.987834
100.619612	13.912151
103.415876	15.736508
100.80532	13.78045
99.964156	8.453883
100.581508	13.946232
99.50819	18.240978
100.584576	13.916525
98.669518	18.483762
100.548328	13.687746
100.780713	18.778312
100.286966	13.713051
100.632782	13.713984
100.51513	14.00435
100.589525	13.732663
100.499375	13.650982
100.548456	13.911017
99.318888	9.117866
100.500002	13.714724
100.633328	13.925963
100.51038	13.778204
100.581495	13.946195
98.976393	18.748115
98.909566	8.07609
99.936558	13.117016
102.077279	14.9783
100.699055	13.547369
100.609637	13.689873
98.947795	19.136212
100.920671	13.110317
103.263848	16.23542
103.246977	16.249686
100.284491	13.551043
103.106174	14.990119
100.681679	13.780291
100.563334	13.771547
100.624831	13.760623
99.901118	20.176978
102.423986	17.096412
99.962898	8.444323
102.811497	16.480842
100.645194	13.73482
100.936763	13.173758
102.763339	17.408154
100.391545	13.920772
100.496402	13.722694
102.716121	16.322142
98.822388	8.030903
102.700258	16.116933
98.94951	18.793807
98.958453	18.788849
100.928516	13.276511
100.657888	14.340456
99.937957	13.113436
100.72059	13.81405
101.364631	14.161275
100.596307	13.914655
99.008398	18.899669
100.64655	13.820633
100.596545	14.061024
100.52017	13.792168
100.736423	14.037503
100.50754	13.893567
100.561408	13.743211
102.829018	16.480326
100.46832	7.023595
100.041213	13.813844
99.559226	16.475759
102.713949	17.858832
98.991773	18.775896
99.899328	19.931184
98.955837	18.797819
100.39258	13.887905
99.502234	18.267653
100.87529	12.913892
100.568609	13.841677
104.147645	17.167794
102.846811	16.383168
100.548295	13.911415
102.797575	17.441845
98.992586	18.792028
100.620346	13.750137
100.756099	13.618136
100.422825	6.989575
100.548295	13.911415
101.123346	13.314209
100.526617	13.707103
99.95266	12.588256
98.310135	7.989673
103.239252	16.252219
100.52799	13.751492
100.693077	13.546309
100.606487	14.066337
100.548718	13.800259
100.699253	13.547507
100.547908	13.911326
100.974303	13.344424
100.480958	13.757511
102.823514	16.478558
100.556846	13.858711
100.510639	14.024402
99.928743	12.84339
100.587903	13.644949
100.565541	13.800066
104.110799	17.163226
100.529495	13.70334
98.967807	18.811204
100.612005	14.04092
100.594309	13.614107
100.549519	13.912027
100.76522	13.731746
99.892266	20.050524
100.753553	13.687751
100.52904	14.028385
100.445427	13.800461
98.29853	7.891497
98.955998	18.801584
100.569975	13.841095
100.587221	13.708302
102.828273	16.461715
103.066167	16.251364
100.625123	14.012696
100.490142	13.726257
99.492186	18.233618
100.569997	13.841013
100.119584	18.066908
100.575556	13.804223
100.928746	13.276685
100.68685	13.785571
100.133728	18.13422
100.732096	13.833711
104.867577	15.236493
100.575525	13.836779
100.44128	13.566811
102.824012	16.478476
100.528675	13.718636
100.640366	13.678103
100.518564	13.716624
100.356625	13.7592
100.575689	13.634957
100.597123	14.075498
99.874259	20.049962
102.815745	16.484234
100.552782	13.719164
100.654302	13.856672
100.648294	13.764323
104.769844	17.415085
100.62881	13.635411
100.925513	13.114919
98.95933	18.811605
100.344377	16.456467
100.713672	13.811575
100.538335	13.764855
104.164036	14.794427
100.624123	13.762773
100.65368	13.589049
100.507785	13.745893
100.614854	13.869792
100.651164	13.770449
100.947588	13.102089
100.522339	13.82287
100.505438	13.820869
99.087554	18.852508
99.841263	17.007783
100.616376	13.825891
102.079044	14.97375
100.605559	13.696319
102.928818	15.684099
100.667295	15.9209
100.482783	13.699752
100.435259	13.679543
100.664837	13.847202
100.532108	13.794054
99.034717	18.542763
100.746581	13.691446
102.10472	14.985585
100.460291	13.699745
100.655421	13.8144
98.379037	7.9019
100.472271	13.756967
100.585031	13.735584
100.574777	13.894428
100.584491	14.369322
98.398022	7.908745
100.18952	15.737447
100.481394	13.857094
99.994426	13.407515
100.216439	16.825605
103.246294	16.243976
99.765628	17.523672
99.826452	19.906218
102.733591	17.85307
100.599681	7.195721
103.655675	16.0337
99.433319	14.06771
98.926714	18.702068
100.513962	13.729866
103.248973	16.243299
100.617943	13.75999
100.443091	13.71477
99.826452	19.906218
100.139269	18.142416
98.979952	18.78727
102.113155	12.598398
100.92005	13.111878
100.675002	13.610103
100.45804	13.720166
99.845283	19.907761
100.655421	13.8144
100.632536	14.749416
100.530354	13.794856
100.86079	13.853609
100.499926	6.998514
100.556413	13.80722
100.748445	13.692446
100.550376	13.783651
100.484684	13.7591
100.355816	13.773712
100.695069	13.788586
100.337256	13.727596
99.50236	18.286308
100.143266	14.571155
100.663365	13.771262
101.156563	16.421056
101.156563	16.421056
100.545996	13.78312
99.67501	16.494263
102.702182	16.396702
100.593664	13.640886
100.480519	13.960474
100.477506	13.778255
100.97182	13.54228
100.556865	13.797444
100.4466	13.777701
100.65036	13.868569
100.607334	14.085456
100.606034	13.792036
100.605969	14.039988
100.790571	13.78811
104.779717	17.402892
100.647239	13.765687
100.510188	6.998017
100.676562	13.650651
104.839539	15.238309
100.610303	13.755316
100.615771	13.825259
99.880732	20.429729
100.579281	13.960947
100.570478	13.846372
100.59471	13.713805
102.092179	14.986376
100.465052	7.001452
102.366747	13.80602
100.039563	13.810992
98.956123	18.801622
100.578934	13.821023
100.562421	13.683151
100.805637	13.735443
100.594658	13.694698
100.542612	13.782674
102.8232	16.479035
98.952813	18.801472
103.472724	17.470798
102.104017	14.980375
98.27805	7.88608
100.705276	13.851902
99.971386	8.429278
101.264417	13.551784
99.911212	15.449557
101.264417	13.551784
99.032714	18.797
98.967527	18.822054
100.92963	13.278307
102.823502	16.472314
100.604515	13.60411
98.948984	18.918754
99.845787	19.984918
98.988951	18.790887
100.656923	13.814221
100.194027	16.745735
101.264417	13.551784
100.674536	13.824837
100.599846	13.691611
99.989685	12.39826
100.536983	13.76177
100.647633	13.730248
100.790263	18.79023
104.850124	15.237673
99.519731	16.499346
100.551224	13.871276
100.965039	13.341607
100.581159	13.720294
100.692131	13.784577
98.950947	18.803377
100.530931	13.735765
100.6193	13.754904
100.65414	13.803583
98.999536	18.573143
100.780294	13.726506
100.535116	13.745763
100.780932	13.731231
100.81231	13.726025
99.021347	18.797684
100.695247	13.59443
98.965467	18.789902
100.524592	13.731698
100.572225	13.782055
100.870832	12.906213
100.54731	13.947354
100.606015	14.039751
100.369218	13.602523
100.921715	13.113092
102.072349	12.663571
100.559731	13.738038
100.530505	13.705058
102.013505	14.90241
99.888704	12.590251
100.585332	13.966241
103.297296	16.186991
102.823511	16.413173
100.49148	13.713977
104.853154	15.255251
103.452286	14.931663
100.571228	13.845739
100.78869	13.605455
100.455318	13.79537
100.545248	13.911973
100.921181	13.284248
102.827299	16.473775
100.5305	13.75013
100.928966	13.169194
100.200421	16.74305
104.908999	15.120247
100.571075	13.851545
104.15103	17.16858
100.690157	13.7444
100.689175	13.813516
100.502262	13.750935
98.950692	18.800404
100.040058	13.818244
100.570325	13.85022
100.52472	13.764954
100.559077	13.735095
99.823708	19.905285
102.101951	14.981589
100.6125	14.040833
98.571833	16.718878
100.533146	13.736767
100.585915	13.855503
100.47046	13.785403
100.607974	14.072556
100.58056	13.961428
100.545929	13.688506
100.569363	13.764396
98.99522	18.803441
100.476294	7.004014
100.516311	13.732003
98.392018	7.947514
100.677178	13.82147
100.606248	14.065588
100.467277	13.705472
98.949318	18.804185
100.616421	13.792398
100.615837	14.043301
100.727183	13.720966
100.575387	13.726882
100.534757	13.744316
100.203744	15.218061
99.041725	18.796821
100.542932	13.719422
100.954843	13.224453
100.533618	13.739527
100.613045	13.756396
98.333878	7.918458
100.601123	13.782265
103.099935	14.990544
104.907573	15.130414
100.566942	13.758595
100.534065	13.73225
100.510454	13.740039
104.839395	15.239089
102.786905	16.46512
100.562978	13.747179
100.564546	13.74431
100.512983	13.737189
100.559953	13.893598
103.51206	16.43109
100.135239	15.712845
102.837999	16.443998
102.768416	17.404893
102.828312	16.46682
100.534036	13.74603
100.732171	13.833609
102.101978	14.981799
100.603303	14.068413
100.528723	13.641952
100.530796	13.739112
100.616755	13.759933
100.609417	13.68766
100.529266	13.726984
100.56653	13.822258
99.932573	12.831132
100.575078	13.819289
99.502457	18.286085
104.908127	15.116785
101.064118	13.422031
100.528873	13.743445
98.983261	18.801263
100.562273	13.750683
100.782383	13.566176
100.552208	13.775364
100.570994	13.847136
104.116711	17.2951
100.080451	6.737631
100.530505	13.751174
101.055165	13.689397
100.617392	13.758195
100.497093	7.012079
98.292171	7.853177
100.929854	13.27937
103.304314	15.307645
100.568651	13.919923
99.89981	20.006376
100.583276	13.732026
103.654749	16.048057
100.905188	13.787405
100.494689	13.681388
100.684047	13.824121
100.351398	13.746181
100.576613	14.347176
100.634658	13.669455
100.642426	13.76921
103.281674	16.196419
100.509332	13.775092
100.332372	13.700504
99.82704	13.537162
103.251223	16.247682
100.581937	13.886745
100.534825	13.765078
102.815094	16.479951
103.932505	16.034989
102.835951	16.433693
98.950842	18.80353
100.199555	16.736396
103.24712	16.249879
104.323254	15.111078
100.57716	14.347244
98.961636	18.800884
100.476186	13.725017
100.569957	13.849254
102.815827	16.482479
98.907074	14.406481
100.513835	13.762016
100.562976	13.747215
100.728572	13.797497
100.538659	13.736402
100.469546	13.813282
100.59675	14.066491
100.927958	13.280461
102.777053	17.410053
100.675628	13.831176
100.924251	13.278391
100.527013	13.74701
100.636725	13.667656
99.828692	19.90759
100.620337	13.99349
100.580992	14.945301
100.785961	13.721261
100.757215	13.615771
99.908927	19.170776
100.52927	13.740477
100.665969	13.658109
98.300757	7.900108
103.4435	16.118438
100.60799	14.039476
100.072149	9.545107
101.117063	13.299395
100.12385	15.190267
100.564481	13.762103
100.316055	6.656584
98.959305	18.839878
100.530541	13.722541
100.602195	14.071169
100.671138	13.647297
100.617966	13.989311
103.247116	16.249853
100.735496	14.022407
99.890162	20.043564
100.534548	13.746024
104.850103	15.237628
100.571379	13.832419
100.570478	13.846372
100.411639	13.813497
103.658053	16.053698
100.632564	13.781083
100.613	14.0792
100.571611	13.855357
100.290484	18.297956
100.647853	13.785193
100.849482	13.85536
100.900397	13.877354
100.849436	13.855328
99.955737	13.091478
98.966389	18.796798
100.889659	14.62793
100.487138	13.733783
100.494341	13.600018
100.904419	14.591869
99.932733	20.194843
103.49682	14.888341
99.94317	19.893889
99.416017	18.217132
100.608173	13.630924
103.341148	16.181116
100.61292	14.132915
102.789853	14.636487
100.408977	13.631568
102.832289	16.39187
100.58693	13.753687
100.771781	13.729041
100.535443	13.705882
100.638226	13.67057
100.604162	13.622537
103.502261	14.874384
101.261157	12.690955
100.131001	15.246674
100.503801	13.694404
104.724672	17.394422
100.620747	13.826037
100.783144	13.723642
100.572044	13.763476
100.616608	13.752551
102.82747	16.398038
100.140189	15.70397
100.619919	13.961647
100.351397	13.700872
100.595292	13.84026
99.837128	19.910262
103.379824	16.149166
100.564846	13.742646
100.992376	13.359178
100.667737	13.78871
100.519794	13.718504
100.476905	7.030042
100.580612	13.961404
100.934658	13.276671
100.515113	14.004298
100.501415	13.757771
100.56117	13.780352
99.924187	19.908904
100.640329	13.689136
100.544381	13.744507
100.542254	13.749263
99.881946	20.429591
100.502801	13.75629
99.861727	20.13078
100.495642	13.694092
103.949355	15.793768
100.53606	13.731464
105.416385	16.002983
100.626261	13.795781
100.569126	13.771269
100.514769	13.78327
100.566333	13.813341
100.534155	13.74643
100.544499	13.74828
98.834188	8.035911
100.530764	13.7319
100.528883	13.760313
99.377772	8.804263
99.876015	13.785336
100.778332	13.723197
100.483667	6.991818
100.194772	16.753539
100.614344	13.774006
101.575928	12.783123
100.639513	13.61433
102.790659	17.407805
100.412895	13.655066
100.349383	13.652895
100.532419	13.746325
100.423895	13.791508
99.852226	13.535633
100.613393	13.783048
99.750773	13.593744
100.663934	14.023795
100.481982	13.763135
100.848608	13.61728
101.220072	12.694534
100.412952	13.654885
100.511882	13.860901
99.086152	18.522887
100.395174	13.796057
99.829189	19.912065
100.070653	13.956478
102.230129	16.12757
100.72754	13.720208
100.575444	13.774353
100.651272	13.868048
102.879208	16.427367
100.290465	18.297932
104.866666	15.239692
100.612846	14.040958
99.512742	8.18973
100.528998	14.028156
102.875227	14.867239
102.787153	17.404722
103.809378	15.605901
98.959528	18.790214
100.608015	13.987053
100.500904	13.59543
100.330458	13.599913
100.589107	13.829685
100.971459	13.161296
100.725633	14.045935
100.897211	14.555506
100.504561	13.859803
100.601427	14.076118
99.505299	16.448622
99.892281	20.410247
100.409585	13.711923
99.822235	13.296866
100.649034	13.71483
103.29179	16.175257
100.546603	13.790489
100.517198	13.736398
100.484293	13.790621
100.504583	13.859775
100.799736	13.750772
100.423881	13.791513
102.784802	17.419199
100.478032	13.685886
100.562888	13.990547
100.695514	13.590904
100.53126	13.687781
100.63829	13.777176
100.412872	13.654973
102.823229	16.464745
100.434405	13.63372
100.079734	17.639729
104.161709	17.156932
100.178542	17.658132
100.52848	13.740706
103.23568	16.251608
99.909567	15.450188
100.786802	13.586119
99.837263	19.910055
103.576088	15.65831
99.538139	16.48183
99.823955	19.907565
100.448783	13.724017
102.83333	17.33333
100.663922	13.589309
100.546403	14.463957
100.912955	12.922644
102.812549	17.394769
100.562245	13.729985
101.269598	12.684016
100.310796	13.79945
99.00467	18.776522
100.929246	13.281267
100.565595	13.718446
100.539736	13.754078
99.539424	16.454819
99.829234	19.591184
100.616027	13.772553
100.931648	13.276319
100.603391	7.182092
99.477977	18.284547
103.443643	16.118573
100.026347	14.225862
100.419104	13.651897
100.501491	13.76448
100.551084	13.97405
100.249204	13.697902
102.78049	17.40988
104.420019	16.576078
98.949487	18.766987
100.634728	14.358134
103.510147	14.898466
100.548206	13.969505
103.378172	15.84933
100.530301	13.758574
100.483085	13.776446
103.32003	15.794213
104.147625	17.167829
100.774958	13.841792
103.262923	16.237345
100.510639	14.024402
99.874077	16.990611
100.539472	13.746613
100.635262	14.307769
100.988017	13.419537
100.528457	13.740686
100.399294	13.816244
100.92292	13.279555
100.289058	13.80472
99.432518	14.113549
100.602181	14.065898
100.460727	13.787938
100.56298	13.747215
102.029157	15.809459
100.528527	13.740741
100.525745	14.028845
101.91725	15.366736
100.740375	14.095034
103.29352	16.196592
104.123814	17.138537
99.506173	18.279372
100.558941	13.777783
100.814893	14.356599
100.494348	13.649822
100.239516	16.823873
100.72867	13.761117
100.593308	13.714089
100.617863	14.142768
100.684308	13.668967
103.304819	16.183516
104.903778	15.108257
100.674716	14.281981
100.641501	13.70817
100.642328	13.759406
101.715223	17.71959
100.528124	13.713435
100.503415	13.665277
100.512851	13.753776
100.538864	13.831356
103.25177	16.23756
100.484627	13.772003
104.467551	14.686088
101.338953	13.796314
100.927102	13.279007
104.057425	15.06563
104.147614	17.167734
100.701414	13.827061
100.818718	13.850507
100.756058	13.618228
99.537697	18.155164
98.388923	7.882016
100.471195	13.704035
98.957719	18.799308
102.859212	16.408409
100.599715	13.867879
100.696219	13.824798
100.624386	13.940525
100.48559	13.768152
100.122663	15.694385
100.535337	13.655197
104.057425	15.06563
100.547584	13.761685
100.570665	13.831116
100.605518	13.930175
100.52961	13.788805
101.079593	13.683351
100.684885	13.961171
104.330222	15.128931
100.503774	13.704216
99.825468	19.866528
100.579183	13.774342
100.963046	13.162441
100.4465	13.796865
100.626366	13.795758
100.330906	13.649306
100.507064	13.748618
99.348567	18.208398
98.955002	18.809376
100.62978	13.735221
102.784267	17.425399
104.323275	15.105652
99.978972	14.029993
98.956886	18.814038
100.675111	13.769999
102.010412	15.684556
102.761643	17.430243
104.866653	15.188654
100.536671	13.765941
104.273676	15.852324
100.49028	13.799224
99.944075	13.089964
100.595226	13.944005
100.843031	13.614764
98.949478	18.791885
100.53834	13.761494
104.726466	16.548547
99.537848	16.481898
100.57082	13.824193
100.484663	13.771992
100.810022	14.714997
100.462646	13.763991
98.98896	18.932104
100.128202	15.678255
99.852078	13.53597
102.097222	14.968818
101.151694	16.411087
100.882777	12.935062
100.685713	13.984936
100.630487	13.702969
100.266315	16.803494
98.948019	18.920016
100.490303	13.799277
100.042284	13.81322
100.202863	16.746524
98.95581	18.798591
100.532819	13.744008
100.423257	14.614198
101.645136	12.803226
100.202826	16.747283
104.815113	15.185273
100.515569	13.784873
99.888819	19.03161
99.872017	20.024105
101.069023	5.775226
102.729329	17.869443
104.834154	15.262051
100.290483	18.297915
100.494965	13.649868
100.083579	17.631597
101.280432	12.681454
103.257519	16.249684
103.867721	18.277933
100.420357	13.759139
100.245726	13.81967
100.473832	7.012878
100.573681	13.83797
103.301144	16.188669
100.565057	13.814527
99.875889	19.911551
100.515157	13.741845
100.565324	13.814226
103.258805	16.239167
99.784937	19.85936
100.609835	13.689992
100.087532	17.623574
101.86189	16.034556
100.536807	13.653064
100.613035	13.710634
104.316848	15.075353
100.591213	13.828535
99.93466	13.106613
100.576436	13.960133
99.135309	14.10445
99.188148	10.499339
102.570254	17.859227
103.270063	16.237908
98.955799	18.798605
99.874722	19.956944
100.349424	16.441022
98.970668	18.794787
100.922174	13.116744
100.957262	13.345636
104.872714	15.243064
98.310121	7.989665
100.497604	13.759187
101.968471	13.662389
100.321387	13.796764
100.57162	13.855356
104.40108	15.264911
99.823276	19.904796
104.307125	15.114879
100.632995	13.688172
100.599837	13.709085
100.593371	14.074626
100.946564	13.081593
100.613154	13.563036
98.971721	18.795797
100.64297	13.756257
100.651384	13.805584
100.530039	13.755047
100.530505	13.750125
100.569643	13.634087
100.781288	13.723085
103.258151	16.250145
100.570729	13.82038
103.258119	16.241013
104.912819	15.114424
100.253745	13.74376
102.111634	14.987801
102.111634	14.987801
100.567185	13.74332
100.118369	18.062533
100.599749	13.86823
98.968973	18.787752
100.613324	13.601888
103.475514	17.46967
100.489834	13.76464
100.607449	13.934889
100.655575	13.667031
99.806421	13.527359
100.584404	13.641963
100.614064	13.824129
100.581138	13.839667
100.530505	13.723085
100.504911	13.870225
100.197535	16.733612
100.57952	13.96086
100.556466	13.797387
100.569945	13.841106
100.699876	13.728419
101.114941	16.393921
100.476886	13.741003
100.529937	13.85833
100.510022	13.780657
100.51167	13.778466
100.531465	13.760648
100.548231	13.792082
100.979747	14.089032
100.486526	13.737228
100.562199	13.743709
100.044353	13.813849
100.508381	13.749605
100.417248	13.82261
100.539791	13.710805
100.529048	14.028321
100.039396	13.816375
100.531666	13.769718
99.866585	12.646584
100.925968	13.115111
100.769009	13.726325
100.455101	13.64085
104.144752	17.168018
98.95724	18.81087
103.23753	16.25147
100.376617	16.83878
100.48333	7.001546
100.487698	13.643736
102.811796	16.479022
100.543972	13.775656
100.52833	14.360036
100.92117	13.284221
102.129603	15.002107
102.749803	17.831352
100.401649	13.874041
100.528678	14.359955
100.871537	12.925682
100.928421	13.27669
103.25786	16.249362
101.263791	6.533726
