123.955043	12.985372
120.952894	14.66124
121.049498	14.604135
121.107393	14.209154
125.625319	7.109149
121.117846	13.938599
121.188603	14.485108
121.030681	14.488466
120.202479	14.930534
121.615888	13.935646
122.535616	10.818341
120.991764	14.652767
120.949547	14.666392
121.049294	14.396529
120.972636	14.657105
121.241935	14.180595
121.216921	14.550425
120.983476	14.590728
125.805814	7.456759
122.538408	10.720822
120.972795	14.729851
120.949597	14.671198
120.999248	14.570659
122.360291	11.685087
120.982314	15.492768
120.885417	15.029751
121.067382	14.63289
121.022676	14.571539
121.008645	14.448221
120.972566	14.441212
121.021089	14.489233
120.590158	15.181197
120.892903	14.941347
121.053511	14.565043
120.962545	14.653909
121.010526	14.545405
120.629054	15.217856
121.161335	14.241261
121.043286	14.43846
121.310834	14.025084
123.898434	10.32435
121.053358	14.525541
121.183261	14.624452
122.747451	11.581801
121.014194	14.62638
121.105379	14.555768
123.179212	13.625723
120.524218	14.807888
121.020551	14.336214
121.176326	14.587152
121.048901	14.576241
121.010247	14.55778
121.241934	14.180594
121.119035	14.586225
120.526821	14.890265
121.013971	14.570595
121.063074	14.49664
121.091268	14.622188
121.014246	14.626315
123.747686	13.159951
121.081091	14.609919
120.671421	15.083838
121.731611	14.18962
120.980817	14.4586
121.177957	14.579311
120.844482	14.904144
121.03428	14.701785
121.076903	14.319368
120.959118	15.529149
120.967101	14.757399
120.571691	14.631049
125.164801	6.131215
123.890153	10.315907
120.985903	14.704314
120.735407	14.832013
125.61658	7.104812
120.964378	14.818574
123.729552	13.355497
121.806607	16.966346
122.535572	10.720418
122.647861	11.424994
121.015168	14.456384
121.038144	14.396985
121.012687	14.57291
120.993896	14.550557
123.729553	13.355497
120.592929	18.201099
124.611329	8.405844
120.998468	14.669651
124.611329	8.405844
121.044262	14.570047
121.048221	14.550981
121.027394	14.506402
121.610695	13.954934
120.225632	16.033557
120.990762	14.124659
120.309196	16.637333
120.783365	14.895989
121.053676	14.511188
121.078193	14.557902
118.744892	9.782594
120.666313	15.050964
121.070993	14.553002
121.082465	14.686982
121.039807	14.565898
120.629086	15.217876
121.001613	14.509541
120.975219	14.46139
121.019578	14.7641
121.186409	14.567664
120.966617	14.655359
121.012868	14.541749
121.069076	14.560661
120.586975	15.671949
120.54983	14.669572
120.943695	15.448616
121.187395	14.083468
121.029383	14.590921
121.108692	14.612516
121.082602	14.589919
120.586585	15.14493
120.980405	14.359294
123.516465	13.711302
121.131595	14.589911
120.347623	16.029602
120.972445	15.491709
121.006327	14.472764
120.965074	14.605176
120.957866	14.665431
121.006271	14.457586
121.067137	14.549542
125.090257	6.240098
120.969172	14.448237
121.122556	14.682027
120.992635	14.603323
120.982255	15.492762
124.227045	8.195449
121.051948	14.628814
120.966375	14.640329
120.991512	14.554099
120.948788	14.669796
120.617903	15.519851
121.01233	14.43411
120.288932	14.847556
120.994885	14.631254
120.963786	14.604881
120.650003	15.427396
121.101598	14.611193
123.823725	10.256122
121.012835	14.541681
120.617815	15.519875
120.99338	14.395469
121.120529	14.68837
120.886057	14.830941
120.661806	15.08027
124.028644	10.82669
121.309595	14.151207
120.957642	14.597759
121.065981	14.538121
121.061468	14.620796
121.040626	14.513161
121.060468	14.604211
121.038253	14.667102
124.028644	10.82669
120.963676	14.650175
120.959134	15.529244
120.59711	15.24566
120.963676	14.650175
121.122387	14.571946
121.309595	14.151207
122.560946	10.699927
122.017952	13.484319
121.06048	14.735019
120.596576	15.129925
121.105011	14.282012
120.534443	14.660164
121.048035	14.579369
121.10142	14.561882
120.534442	14.660163
121.010911	14.553843
121.048712	14.44453
120.943578	14.765951
120.997786	14.608284
121.047424	14.516458
120.59238	15.115728
120.629204	15.084034
120.939792	14.320577
121.01417	14.46152
120.561371	15.244817
120.605239	16.40482
121.038253	14.667102
121.160569	14.19025
121.114254	14.675193
120.981907	14.61786
120.600499	15.119451
124.632991	8.447429
121.074221	13.748951
121.210809	13.648633
121.000101	14.682467
121.133003	14.548601
120.513178	15.180789
125.013486	11.119144
121.057445	14.613778
121.068454	14.685501
120.994863	14.631158
121.009757	14.426254
121.635921	14.158074
121.187518	14.573712
120.289147	14.8357
120.990724	14.610866
120.931769	14.365362
121.635921	14.158074
121.05379	14.698762
121.012842	14.541661
121.076952	14.554155
120.966118	14.604023
120.331082	16.033249
121.070831	14.351251
120.938765	14.722662
123.914444	10.339669
123.902346	10.32383
121.004781	14.543387
120.971336	14.646896
120.96601	14.604101
120.953331	14.661599
120.599293	15.415474
121.027003	14.581219
121.021674	14.47519
121.048712	14.44453
123.906777	10.329808
121.133773	14.654421
121.029017	14.651756
121.039072	14.701227
120.953531	14.661757
121.127421	14.643671
121.070033	14.704047
120.587191	15.148258
123.728577	13.141579
121.142366	14.66497
120.965074	14.605176
120.545694	15.522528
120.545666	15.52255
120.993564	14.623456
123.87382	10.297029
121.102827	14.579985
119.864861	16.053273
122.969765	10.69756
121.101764	14.582525
120.626237	16.419062
120.92303	14.31503
120.545643	15.522516
120.579849	15.138263
120.869926	14.840524
120.327773	14.847825
120.598777	16.425351
120.999259	14.666348
123.182449	13.640951
121.041431	14.634954
120.456327	15.805957
121.001731	14.611358
121.070616	14.783786
121.029698	14.692715
121.100018	14.61115
121.08281	14.546565
121.019375	14.604679
120.984628	14.614769
121.07976	14.685946
120.996678	14.666571
121.145249	14.539097
121.149468	14.522938
121.132144	14.712326
120.572112	15.184655
121.019951	14.709324
120.955822	14.320576
121.043362	14.606516
121.047003	14.574901
121.092027	14.598778
121.082811	14.546566
121.087501	14.535958
121.062121	14.550131
120.450773	15.806209
120.993323	14.57609
120.991396	14.649685
120.978954	14.608409
121.097324	14.20394
121.025818	14.518142
121.063388	14.513844
121.104156	14.319522
122.535495	10.818412
121.131486	14.56611
121.111692	14.660984
121.114483	14.30684
120.569706	15.667728
121.0548	14.735828
122.284922	13.956603
122.285881	13.957858
120.993546	14.560438
121.083041	14.616533
120.949102	14.434452
121.05974	14.58621
124.893384	8.613058
120.925216	14.413063
121.159403	14.237327
121.027779	14.565478
120.986485	14.720583
121.060672	14.537202
121.003546	14.56434
125.613422	7.094745
120.979778	15.795269
120.987187	14.138027
121.0135	14.520756
120.301719	14.854539
120.925317	14.406224
121.008095	14.549436
121.072784	14.831215
121.187519	14.573712
123.212169	13.61919
121.110174	14.622451
121.052906	14.550135
120.573264	16.383666
122.949891	10.664352
120.209674	14.923303
120.4264	17.49548
121.072453	14.545888
120.638016	14.067848
121.030796	13.782197
120.666313	15.050964
122.430669	10.892343
120.507277	18.036805
121.034195	14.138718
120.998266	14.537317
120.631944	15.385302
121.00882	14.5338
121.056097	14.549202
121.01445	14.657332
120.938694	14.095384
120.673925	15.216676
122.101065	6.938386
125.638037	7.107115
120.549932	15.503084
120.577699	15.979163
122.101065	6.938387
120.978351	14.438148
121.40051	13.81689
121.637908	13.943852
120.666285	15.050999
120.867907	14.884134
124.619773	8.451881
120.980728	15.477769
124.824759	8.412892
122.756771	11.576941
120.942029	13.937382
125.192848	6.13184
121.162925	14.62391
123.803666	11.151444
126.119521	7.588899
120.980598	15.477887
120.964341	14.823462
123.753443	13.183711
120.605625	15.720914
121.05711	14.602958
122.565051	10.72248
120.702816	15.041989
121.074057	14.784883
121.072507	14.559155
121.163592	14.194632
122.325713	11.706107
121.056815	14.478415
121.013243	14.525433
121.415691	14.111671
120.90614	15.432223
122.755797	11.582099
121.50456	14.247
121.168389	14.246722
120.597988	16.425766
123.869557	10.285284
126.203319	6.958297
121.060401	14.552662
120.851018	14.413461
125.160804	6.118862
121.113531	13.879897
120.530977	18.073322
121.157287	14.190067
121.034928	14.572296
120.235161	14.874737
120.272639	14.829161
120.592895	15.467625
124.757506	8.649788
120.981701	14.63737
120.980379	14.326982
121.560115	14.110218
120.633227	18.23786
121.972341	13.438459
120.938637	15.319795
126.119521	7.588899
121.000888	14.56009
120.999098	14.559175
121.057309	14.651133
123.749258	13.159123
121.242693	14.063446
120.942351	15.469335
121.070675	14.627524
121.400826	14.111133
121.409417	14.281196
121.223766	13.763006
120.827736	14.373894
120.819677	14.942442
120.958388	15.483264
121.04732	14.64718
124.591987	8.506002
121.143707	14.084896
121.106385	14.604549
123.934122	10.32296
121.14177	14.720291
123.893879	10.305429
120.579	15.2233
121.061537	14.573838
121.155202	14.67764
121.114421	14.68992
120.894602	14.120314
120.972182	14.661186
125.360577	6.731995
120.993235	14.618096
121.254583	14.1743
120.543478	14.77048
121.046775	14.482055
121.163199	13.944669
121.11593	14.632725
122.23233	10.650183
121.043702	14.847926
121.022192	14.43982
121.022192	14.43982
121.114371	14.689884
123.898102	10.315294
121.724768	17.61448
121.027165	14.426374
121.035221	14.743758
120.531687	14.796797
120.997162	14.581737
121.072855	14.698473
120.98817	14.618428
121.085964	13.941662
124.613543	8.464032
120.571034	15.51093
120.617579	15.484679
120.638016	14.067848
122.096238	6.917071
120.976834	14.634344
120.851018	14.413461
121.324634	14.081774
121.10565	14.649107
121.724768	17.61448
125.002259	11.192125
120.876498	14.832064
120.897575	14.313756
120.974239	14.632944
120.858199	14.873561
120.630193	15.244904
121.032115	14.581026
120.647271	14.980462
120.954598	14.332837
120.665838	15.034569
120.971016	14.442463
120.970911	14.3977
121.049637	14.551974
124.797508	7.19624
120.95639	14.73273
120.996998	14.607088
121.041549	14.468133
120.599117	16.415257
120.533362	15.474077
120.905583	15.339276
120.973388	14.440419
123.004618	14.110794
121.029038	14.604532
125.810323	7.444403
120.9872	14.626094
120.564356	14.912608
120.560753	15.24344
121.102699	14.602546
121.122063	14.211676
121.127595	13.761498
121.060644	14.573964
120.973063	14.316949
120.595309	14.938387
121.759082	16.871379
121.080109	14.669927
121.021881	14.475134
121.023156	14.0956
121.324411	14.072392
121.435234	14.241852
120.574778	15.021789
120.983749	14.669422
120.998252	14.582901
121.004738	14.609832
124.025911	10.602714
121.012344	14.483083
121.325569	14.060448
121.0125	14.725483
121.044933	14.74955
121.614808	13.931871
123.202125	13.63754
120.976076	14.459352
121.085408	13.924602
121.064662	14.8178
124.036269	12.702746
121.049278	14.533522
120.992599	14.661581
121.143279	14.721722
120.966064	14.60409
120.528465	15.043033
120.595031	15.481396
120.922957	14.166546
121.139858	14.283729
120.98492	14.611513
120.930601	14.720056
120.594447	15.201623
121.024156	14.571474
121.041128	14.726852
123.015664	10.664939
121.061025	14.536332
121.122391	14.284222
121.006118	14.530872
122.548089	10.742271
121.152451	14.083217
120.904735	14.291013
121.052565	13.685176
120.971174	14.652064
121.060972	14.621069
121.046429	14.288823
121.027945	13.784632
120.991853	14.44317
125.529095	7.058928
120.695299	15.037647
120.715856	15.061749
121.095612	14.632088
120.692746	15.031193
120.598447	15.431781
120.844486	14.848479
121.029983	14.639801
123.41487	10.479038
120.943209	14.401737
121.730549	17.613071
122.094209	6.929614
123.905458	10.308754
121.04491	14.671763
121.027561	14.427015
120.985203	14.674154
121.026259	14.752143
120.9489	14.707943
121.035014	14.677064
123.844137	8.148688
122.647861	11.424994
120.943693	15.448615
123.223311	13.617212
120.942341	15.469302
120.920623	14.448386
121.241934	14.180594
121.06614	14.625241
121.180541	14.570263
121.140814	14.636819
120.998345	14.618139
125.258613	6.384483
120.774578	15.652421
121.11198	14.603118
122.736003	11.603818
120.59859	15.623321
121.083171	14.834452
120.963216	14.65085
121.054008	14.546456
121.024695	14.457516
121.00991	14.52745
120.927494	14.437877
121.171734	14.595191
121.031279	14.638656
123.182836	13.629401
120.742271	14.915926
123.876172	10.316466
121.021891	14.475102
121.254629	14.174288
120.956595	14.416348
121.054887	14.551397
122.926242	11.433522
123.30353	9.316434
121.257715	14.06174
120.997137	14.685022
120.923625	14.409767
121.038461	14.692477
121.053584	13.771188
120.74227	14.915926
120.537921	18.182044
121.029778	14.623908
121.031792	14.331983
120.76091	14.879645
120.93909	14.665937
123.749648	13.176664
121.0118	14.54716
121.125513	14.57552
123.736712	13.155418
125.548577	8.949433
124.273259	8.242075
120.685841	15.576636
120.598214	15.88816
121.059978	14.667138
121.058162	14.549943
121.051066	14.566595
120.97949	14.619445
121.157284	14.190082
120.696419	15.016168
120.627223	15.336264
120.702827	18.517001
120.57404	15.37457
120.938828	14.436711
121.023671	14.608214
120.564323	14.911847
120.955471	14.40533
123.904924	10.318265
123.73671	13.155416
122.524948	10.753647
125.120137	6.074358
125.632564	7.103571
120.894425	14.437646
122.524948	10.753647
121.060073	14.543652
120.985301	14.769215
124.820221	11.981656
123.730135	13.147702
121.310167	14.023019
121.05039	14.601187
121.008585	14.578351
124.02167	11.052995
121.050267	14.563968
120.964788	14.423242
120.972807	14.619473
121.41626	14.133198
121.056227	14.566421
121.101309	14.588982
120.321163	16.657759
121.034893	13.876172
121.053868	14.662485
121.006119	14.530872
121.048036	14.578815
121.122451	14.747374
120.680315	14.96456
121.416837	14.133138
121.060002	14.73625
121.087702	13.869607
121.30138	14.097255
121.0373	14.810264
121.05443	14.54622
120.993224	14.662765
125.608774	7.088239
124.845849	6.491413
121.11194	14.633749
121.006168	14.549644
121.009231	14.578113
121.163199	13.944669
121.133905	13.861067
121.010949	14.586202
121.151249	14.730991
123.749648	13.176664
120.894602	14.120314
121.179073	14.233815
121.013949	14.570591
122.36184	11.677674
121.01059	14.54821
121.01059	14.54821
121.50456	14.247
120.46517	17.213833
120.435508	17.156798
120.682259	14.966631
120.696768	15.025635
120.571122	15.976474
120.988816	14.631029
120.570516	15.161839
120.998584	14.577252
120.923553	14.821353
121.193757	14.597915
121.126403	13.938819
121.264948	14.180082
120.862926	14.421572
121.026955	14.592704
120.955562	14.401375
121.056567	14.531137
120.288709	14.828286
121.114962	14.561904
120.992407	14.569722
121.773125	16.934801
121.2485	14.062613
121.01434	14.080621
120.286433	16.608997
121.113747	14.273484
121.076988	14.317563
121.064219	14.341137
120.541973	14.770426
121.032556	14.587859
120.994972	14.608318
121.082439	14.634232
120.595622	16.424933
121.07141	13.790323
121.133905	13.861074
120.612957	15.676212
123.903732	10.32039
120.595309	14.938387
120.28871	14.828286
121.012844	14.541646
120.974607	14.647635
123.439813	7.824613
121.002105	14.548997
121.164627	14.257879
122.992762	10.759297
121.01025	14.629377
120.70398	15.004975
124.025911	10.602714
120.997242	14.673519
120.784805	14.894225
123.439855	7.824656
121.015564	14.365932
120.943503	14.710066
121.100066	14.270552
120.583372	18.50412
120.980921	15.290089
120.97543	14.429427
121.605241	13.950434
121.980492	10.703923
121.139717	14.565121
121.183274	14.624411
121.126419	13.938816
120.280073	14.832374
125.133792	6.163936
120.246595	14.856273
120.978818	14.723179
122.684132	11.390928
121.06684	14.341565
121.034854	14.577158
120.742271	14.915926
120.967983	14.46511
120.966577	13.809796
120.97747	14.648002
121.046521	14.515056
125.356058	6.754347
121.511803	13.995944
120.572539	14.957267
121.095924	13.863943
121.06088	14.621093
121.115894	14.280763
124.797364	7.196406
120.741692	14.162786
121.012875	14.613861
121.054716	13.747131
122.093051	6.93833
123.922	10.3236
120.308818	14.848353
120.571075	15.51089
121.324976	14.05777
121.101276	14.600969
120.53604	14.661225
120.926065	14.725921
120.594644	18.197333
120.571079	15.510886
120.910825	15.868369
124.028135	10.797195
120.882687	14.387485
121.064965	14.617181
120.993241	14.686054
120.559354	15.046379
120.948326	16.192715
121.173985	13.954477
124.753884	8.506465
123.178821	13.625779
120.769859	16.062228
120.813957	15.089571
121.095405	14.62418
120.972286	14.401414
124.227695	8.195034
120.607294	15.717968
120.939969	14.425012
121.02707	14.684551
120.321154	16.617092
120.28298	14.846577
120.973114	15.484208
125.202525	6.108028
123.439784	7.824568
120.922557	13.880377
121.110065	14.653038
121.062856	14.806548
121.061232	13.758536
121.400826	14.111133
120.600622	15.174196
121.060085	14.523604
120.970805	14.657344
122.860655	10.196867
123.439809	7.824615
123.953746	10.356231
121.010774	14.541861
121.028192	14.589174
124.970526	7.064654
121.050823	14.637748
120.945543	14.971144
121.162506	13.939362
121.145	14.647904
122.97825	10.625013
120.61	15.536083
122.527913	10.764657
120.991897	14.622316
121.036014	14.46114
121.095306	14.624104
121.098945	14.637015
120.981689	14.637351
121.10131	14.588982
121.07823	14.557931
120.608367	14.956948
121.402062	14.227901
120.288377	14.853451
121.392961	14.110133
120.833321	14.95932
120.989161	14.490768
125.631091	7.099494
122.811317	9.99698
121.064219	14.341136
120.951198	14.10278
121.539741	13.944501
121.061265	14.640554
121.04826	14.558321
120.88171	15.029372
120.962951	14.744965
121.05732	14.658101
121.006432	14.539365
125.59636	7.063958
120.594619	15.379674
120.981909	13.788987
121.073161	14.530638
120.9759	14.372061
121.019942	14.709364
122.057112	6.937089
124.621386	8.454626
120.606081	15.343522
121.1565	13.886128
121.059801	14.63022
121.034742	14.401934
121.061747	14.497528
121.07641	14.565187
123.896009	10.315922
123.896009	10.315922
122.054075	6.939246
121.01121	14.535783
121.008297	14.677187
120.98604	14.534807
121.107922	14.650153
121.028342	14.580786
120.613372	15.513886
121.124753	14.571964
120.76986	16.062228
122.56596	10.711348
123.179314	13.625573
120.595805	15.010177
121.050845	14.637739
120.987219	14.430173
120.95911	14.344128
121.060796	14.663586
121.179502	14.571399
120.953618	14.661836
121.124264	14.634894
120.938595	15.423055
121.00104	14.58379
121.580528	13.960724
121.05751	14.628952
120.835863	14.071559
120.974367	14.631501
120.999277	14.666343
121.023302	14.573642
120.169168	16.021455
121.142592	14.582048
120.959521	15.479593
120.648867	15.122709
121.010535	14.591139
120.579653	14.49034
121.595379	14.02113
120.659485	15.423611
121.013676	14.474235
120.865309	14.871247
120.725748	14.821035
121.03119	14.390534
120.525404	14.801761
122.934188	11.437794
120.928778	14.317893
121.022846	14.803379
120.746779	15.073173
121.339145	13.956947
120.730077	13.960785
124.571678	8.528023
120.988355	14.435444
120.882592	14.366045
123.486448	8.098668
121.119886	14.650654
120.882592	14.366045
121.77476	17.93223
121.1864	14.566017
120.566838	16.029019
120.974076	14.630126
121.812358	16.970418
121.051822	14.524021
120.777436	15.646653
120.523229	14.972721
121.153765	14.618457
121.012835	14.541679
120.974349	14.384343
121.068965	13.79725
120.949813	14.663396
121.029005	14.447072
125.18196	6.115784
120.609306	15.163746
120.926755	14.725184
121.052268	14.662939
121.028447	14.791816
120.572539	14.957267
120.915081	13.891189
120.861359	14.871564
121.029525	14.590928
121.149344	14.199568
121.102861	14.290936
121.173366	14.56556
120.596167	15.26559
120.568074	15.48938
120.996628	14.162399
121.116227	14.305997
123.427298	7.83208
121.044757	14.518139
120.958989	14.443879
120.984815	14.479712
121.131476	14.714236
123.863185	10.251644
120.999971	14.619126
120.281205	14.840814
125.612425	7.14846
121.131482	14.566148
125.142473	6.069178
121.061911	14.247589
121.06861	14.861759
120.602738	15.203651
120.587262	15.18066
121.001248	14.636839
121.004838	13.78714
121.478424	14.378966
120.964856	14.654012
121.153372	14.732139
121.070255	14.710352
121.014644	14.428686
121.41626	14.133199
121.044355	14.58578
121.238019	14.514139
121.020032	14.734113
121.035474	14.598209
121.016588	14.352076
121.194849	14.60405
121.048759	14.727069
121.010493	14.615348
121.006618	14.604895
120.950317	14.413549
121.193375	14.613648
125.821987	7.446835
121.443944	14.418052
121.057735	14.58435
120.962588	14.460497
122.728675	11.56631
125.693176	7.331061
120.594157	15.131842
121.061476	14.701297
121.055568	14.618486
120.96514	14.61895
120.759592	15.925406
121.010913	14.541783
125.3479	6.747194
120.599304	15.494259
121.114643	14.576732
121.028378	14.655041
125.511829	7.09952
121.049466	14.576963
121.011405	14.678724
120.977899	15.502347
121.159434	16.487667
120.597895	16.411757
121.135669	14.074687
121.214398	14.174412
123.853232	10.263831
124.886251	8.994806
121.812358	16.970418
121.61577	13.935743
121.074765	14.649673
121.110475	14.720721
120.978904	14.403873
120.335977	15.961432
120.9789	14.403869
120.959619	14.771811
125.97852	8.505923
123.285819	10.965155
124.61796	8.460504
121.03475	14.657751
121.173991	13.954483
120.886873	14.424705
121.716416	17.624596
122.576856	10.721402
121.042551	14.68331
120.953949	14.950823
122.938132	7.643336
120.967093	15.579717
120.967093	15.579717
121.604262	13.94118
121.37744	14.343839
120.972601	14.604205
120.993547	14.623465
120.967093	15.579717
121.031761	14.565149
120.975404	14.894674
120.993445	14.278126
121.091547	14.602698
120.982313	15.492768
121.105761	14.318785
120.971271	14.601071
124.244637	8.224379
120.288437	14.834603
123.853233	10.26383
120.972479	14.471151
124.617818	8.460378
121.070272	14.710341
120.627734	15.111386
121.012875	14.541835
121.010493	14.615348
121.109359	14.603306
121.12342	14.748124
120.965075	14.605176
121.008417	14.678081
121.102797	14.020119
121.762364	16.912813
121.055143	14.540658
120.998364	15.354839
121.378503	14.024949
120.967093	15.579717
121.07818	14.549111
120.963533	14.419254
121.078907	14.338381
123.176406	13.617756
121.097304	14.203893
123.176371	13.617779
121.013951	14.570594
122.539449	10.771808
120.8234	14.828523
120.982053	13.864336
121.05389	14.662241
124.633076	8.470622
124.980596	11.244831
120.996677	14.515088
119.996768	15.314176
120.964298	14.40045
121.1565	13.886127
124.233612	7.205148
121.045919	14.653154
120.957618	14.291303
124.239468	7.217011
121.200164	14.507618
121.048032	14.615432
121.115236	14.616857
120.961857	14.619424
121.241737	14.514322
122.107337	6.911573
125.524651	7.086623
121.09938	14.019167
120.60165	15.411457
121.000802	14.587934
120.965475	14.60817
121.169938	13.946956
121.169939	13.946958
125.618526	7.124912
121.565063	13.953275
121.0575	14.584356
120.574293	14.619484
121.571762	14.061992
123.934816	10.335288
120.482504	17.717607
120.718467	15.0661
120.258241	16.037049
120.409928	15.99702
125.629144	7.088781
120.538974	14.768179
120.990743	14.576466
120.518735	18.057789
121.029686	14.577346
121.382896	13.826656
120.698023	14.904685
121.010438	14.538844
121.001195	14.444173
120.79007	15.036778
121.013729	14.737527
120.996057	14.445961
121.012869	14.541756
121.008417	14.678081
121.103276	14.61811
120.73424	15.062201
121.02665	14.780516
121.023047	14.683891
121.095789	14.328234
120.980464	14.619994
121.032661	14.569986
121.430916	14.201923
123.733313	13.138041
125.080433	6.232883
121.060178	14.584648
121.055004	14.50123
125.625737	7.088312
121.595869	13.966276
121.036112	14.805112
123.285817	10.965154
121.022492	14.663839
121.41569	14.111672
122.569624	10.747653
121.07995	14.609947
121.163248	13.944659
121.121972	14.682813
120.922458	14.373812
124.772209	10.17618
120.902937	14.1333
121.375319	16.656585
121.100874	14.562299
121.111299	14.641267
120.545657	15.522537
121.0789	14.76986
124.842556	6.497125
121.026867	14.581213
120.97679	14.631765
121.002219	14.57132
121.029682	14.924152
120.902937	14.1333
121.02412	14.507082
120.605418	16.363545
121.059234	14.585756
120.661806	15.08027
121.716512	17.624658
120.922899	14.426476
121.038161	14.505762
121.12748	14.563122
121.133888	14.103401
120.961648	14.391151
123.960408	10.339875
120.967187	14.714572
121.024654	14.668522
120.994812	14.829564
125.611906	7.087144
125.61658	7.104812
121.045203	14.38371
121.024842	14.601248
124.687235	6.701261
123.518741	13.428685
121.773378	16.936212
120.938394	14.953658
121.028563	14.568349
121.032673	14.569985
121.047337	14.61053
120.971617	15.501028
123.898434	10.32435
123.24211	13.62398
120.841432	14.398804
124.709056	8.471892
120.585871	15.181334
123.294282	9.332547
120.993446	14.278125
125.250083	10.353273
120.601077	16.397523
121.126059	14.586262
120.482505	17.717606
121.03543	14.660242
121.006156	14.582814
121.023351	14.589098
120.944149	15.10419
121.050238	14.75792
120.920549	15.595857
121.198235	14.074518
120.995458	14.577592
124.839845	6.483775
120.968731	14.61475
120.320623	16.656024
121.036346	14.565755
120.825967	14.86793
121.68739	13.967599
123.790645	13.288515
121.07379	14.334844
120.993194	14.447525
123.996867	10.417846
120.595195	15.15971
125.202525	6.108028
121.000705	14.5883
121.055752	14.542063
121.020386	14.659825
121.040824	14.464899
123.41458	13.419045
124.840517	6.506083
120.969666	14.688052
121.013238	14.738692
120.98627	14.651201
121.045533	14.801545
121.140095	14.210892
121.033934	14.660257
121.122571	14.650917
121.051071	14.602934
120.601814	15.879564
120.975795	14.623864
120.963244	14.764242
120.989108	14.496877
120.286798	14.828242
120.973792	14.448562
125.5921	7.107565
121.013258	14.738721
121.039481	14.627361
120.991504	14.495205
121.028079	14.562075
121.057702	14.341957
124.604802	6.619494
120.633399	14.075038
120.894403	14.437626
120.995943	13.804301
123.896249	10.338083
124.570064	8.528974
121.060889	14.539169
121.056258	14.550285
121.00315	14.571219
120.596404	15.486761
120.592423	16.445884
121.064329	14.590253
120.980921	15.290089
120.915074	14.09501
120.989617	14.606363
125.65316	7.139754
120.944699	14.666267
121.101286	14.601017
121.046374	14.338295
121.013914	14.551858
121.417076	14.138495
121.115154	14.576193
125.525382	7.080966
121.115154	14.576193
123.917902	10.312542
120.592079	16.446111
120.966473	14.669287
121.067693	14.355725
120.48907	14.99903
121.169942	13.946923
120.993035	14.604577
120.677583	15.036793
123.598196	13.194685
122.733468	11.566741
120.996032	14.59976
120.96597	14.611295
121.118266	14.723053
121.633304	13.943383
121.198237	14.074519
121.719573	17.644879
120.976511	14.636065
121.712984	17.600409
117.821865	8.793091
121.072781	14.769314
121.150031	14.655507
122.55181	10.712866
121.097044	14.328849
120.644817	15.329994
120.597952	15.423544
120.540216	14.767751
123.600194	13.194812
121.077771	14.524012
120.939261	15.589764
121.090206	14.604474
120.904242	14.445224
121.719573	17.644879
123.959111	10.341337
125.494735	7.114832
120.597627	15.500042
120.692836	15.142435
121.148051	13.940289
120.982051	13.864335
120.61868	15.216156
120.96368	15.484235
121.546698	16.678126
120.586702	15.494047
123.19947	13.624845
124.841469	6.496272
120.96373	14.435099
121.301256	14.104374
121.144853	14.585175
125.617436	7.122977
121.130824	14.716103
122.770714	11.57266
121.148791	13.956946
124.841469	6.496272
125.635612	7.124036
121.526564	13.961349
122.556139	10.73239
120.717751	15.059269
121.073885	14.55802
121.193429	14.610893
120.610156	15.57537
121.193429	14.610893
122.096267	6.917086
121.156145	14.623202
120.60986	15.610337
121.078229	14.557933
120.937278	14.781007
120.603148	15.467143
121.027351	14.579847
121.02826	14.62341
123.515973	13.43523
121.413547	14.138169
121.027351	14.579846
120.824925	14.826944
124.474082	8.56937
121.536535	15.749855
121.568206	15.762083
122.751739	11.570331
120.98717	14.4046
121.580556	13.960732
121.06092	14.24742
123.871314	10.285306
121.046582	14.390654
123.299762	9.309674
121.442551	18.191726
123.853234	10.263831
121.717317	17.617371
123.719864	10.175644
122.664237	10.846876
121.029712	14.424043
121.038878	14.711915
121.03839	14.399582
125.766705	7.393427
121.662242	13.966472
121.068091	14.850025
123.292233	9.321033
120.920538	13.902648
120.532048	14.803278
122.605881	11.494207
121.009917	14.619645
121.758156	16.909799
122.063379	6.914553
120.599587	16.408858
123.188356	13.642215
123.431695	7.827035
121.870131	17.099641
121.071011	14.552982
120.337053	16.027766
124.845908	6.482139
120.601472	15.876763
121.021314	14.562086
120.998726	14.386565
121.035036	14.456933
120.882687	14.387485
121.92006	14.001332
120.995607	15.61686
120.481892	14.978755
120.942475	14.756534
121.036178	14.633244
121.029489	14.656638
120.653074	15.532846
120.991908	14.808995
121.068095	14.625702
123.905089	10.317088
124.799402	8.530285
121.071021	14.552975
121.364318	14.107347
120.949814	14.663396
120.997019	14.558671
120.88136	14.39368
122.081494	6.918185
120.994139	14.552308
120.958983	14.819807
121.093429	14.649173
121.07274	14.628512
121.048816	14.627788
120.727596	14.820141
121.115925	14.280729
121.092746	14.69468
122.637421	11.469932
121.052387	14.537597
121.028469	14.655365
120.657824	15.049366
121.705113	16.788367
121.060951	14.64398
124.193102	9.817973
120.559258	18.184946
123.185643	13.626223
120.847963	14.886328
121.112225	14.60666
123.732179	13.146249
121.171747	13.742596
123.190089	13.621259
121.058049	14.240834
121.028705	14.615567
121.021238	14.56042
125.694599	8.815781
120.917615	13.848315
121.546664	16.688766
121.131728	14.089892
120.717812	15.448869
121.093445	14.64917
120.594313	15.618335
120.951257	14.659912
121.033715	14.098113
120.584578	15.175339
121.01287	14.541756
120.605372	15.844464
121.112728	13.932869
124.861751	7.098688
120.994086	14.564571
125.631196	7.1096
121.00343	14.671188
121.061047	14.484307
121.13479	14.723624
121.093449	14.649169
121.030498	14.423604
123.827705	10.263535
121.086524	14.637777
121.060712	14.642706
121.112225	14.60666
120.599681	15.489626
120.580226	15.197537
120.525559	18.059339
125.066439	6.22503
122.755041	7.801534
121.012356	14.54293
121.190089	14.622769
121.005317	14.545016
120.7268	15.068074
120.831278	14.867425
121.137866	14.716532
121.030721	14.657145
121.112413	14.291134
120.966193	14.267479
121.088454	14.63403
121.029066	14.705013
120.842201	14.841403
121.0121	14.590786
120.989859	14.827592
120.563345	15.976443
120.879204	14.118278
120.525559	18.059339
120.760162	14.8836
123.444128	7.824599
121.072781	14.628482
121.114426	14.653481
119.952004	15.544711
121.109609	14.569279
120.923378	14.991143
123.90458	10.32793
123.905458	10.308754
121.021435	14.620743
120.760162	14.8836
120.839101	15.9245
121.621322	13.959516
120.598889	16.416429
123.874753	10.292736
121.131652	14.589957
122.351848	11.71957
120.930934	14.310267
121.047036	14.716042
121.11077	13.777056
121.122567	14.291878
120.943693	15.448615
120.967557	14.667956
120.6017	16.420543
121.042291	14.585685
125.645209	7.129952
120.347089	16.079508
121.080108	14.669926
120.595569	16.424933
124.599385	8.230398
120.96033	14.662246
121.036762	14.512826
121.128514	14.637654
124.904027	6.554967
121.119472	14.577088
125.587711	7.050298
120.587262	15.180659
120.887239	13.908957
121.031199	14.508092
121.025262	14.551975
120.970288	14.121108
121.113323	14.569031
121.629471	13.937472
121.044262	14.554412
120.975329	14.430612
121.113567	14.273952
121.00735	14.534184
120.94146	14.446695
120.984573	14.628486
120.95414	14.411589
125.10035	8.828561
121.027059	15.501312
121.050719	14.520973
120.59436	15.532123
120.525697	15.844281
121.041394	14.742796
121.062884	14.544899
120.568329	16.382881
120.912952	13.932525
120.225598	16.035385
123.182449	13.640951
121.049225	14.658551
123.668109	13.459614
125.066046	6.225098
125.08185	7.906
121.009516	14.579637
123.851898	10.278598
121.088297	14.560768
121.068324	14.69978
121.605241	13.950434
120.993152	14.447556
121.021936	14.587789
121.048647	14.57573
121.034494	14.630977
120.688438	14.97121
121.060384	14.558976
121.030967	14.545203
120.593451	18.166737
122.977024	10.69262
121.086788	14.062683
125.504784	7.039024
121.832458	17.028952
121.056169	14.581053
120.993169	14.530042
121.06371	14.547631
121.033749	14.57124
125.612004	7.08523
120.481394	14.431481
121.177668	14.216178
123.734965	13.152119
122.326391	11.70627
121.113905	14.561379
121.025136	14.460295
121.134246	14.685724
121.044595	13.775746
120.58019	15.241639
121.019047	14.600581
121.064143	14.622492
121.049406	14.914258
120.289241	14.842292
121.09777	14.578187
121.054713	14.636924
121.041365	14.742781
121.045435	14.862336
120.963802	14.61308
123.304721	9.315539
121.120318	14.625348
120.499372	14.454067
120.981825	14.379296
125.492303	7.1142
121.067225	14.617176
121.027323	14.561679
120.999692	14.652246
120.991751	14.683756
120.997126	14.616472
123.431695	7.827035
121.043515	14.585641
122.3869	11.690713
121.136394	13.956616
120.98967	14.596893
119.885186	16.382483
121.135676	14.733649
120.996926	14.439263
121.192723	14.60565
123.729601	13.140946
121.045988	14.47221
121.110056	14.622428
121.166216	14.621903
121.126083	14.586303
120.968907	14.626075
121.067421	13.782904
120.986267	14.626187
121.029668	14.578785
121.136455	14.568311
123.235522	13.616651
121.085377	14.566606
124.64386	8.484459
120.556952	15.155281
120.925907	15.556211
121.027069	15.501325
120.944406	14.670684
121.00933	14.391914
121.047482	14.493712
121.069521	14.64805
121.04946	14.601914
120.996159	14.64945
120.949732	14.409904
120.63264	15.329023
121.471903	14.142188
121.084477	14.695785
121.115751	14.635184
121.064782	13.823861
120.96517	14.610116
120.964864	14.749869
121.058103	14.634465
121.025578	14.653756
121.134746	14.750995
124.801134	10.677494
120.971076	14.807461
120.990682	14.617747
121.323168	14.15457
121.097102	14.579478
120.999875	14.619068
122.742627	11.601835
120.94435	15.527231
120.59436	15.532123
121.043014	14.809342
121.157026	14.186923
120.899947	14.885278
120.585829	15.168897
120.971603	14.631769
121.013632	14.750151
122.748544	11.601095
120.598322	16.416812
120.925884	15.556332
120.993973	14.618718
121.073113	13.729916
121.029185	14.63619
120.985281	14.572531
123.433746	7.830963
120.934691	14.671836
120.962707	14.819353
120.967093	15.579717
121.140584	13.918705
122.562006	10.729635
123.224688	13.617226
121.011916	14.536707
121.146902	14.239785
121.026941	14.729463
120.296846	14.851919
120.961472	14.746328
122.262304	13.882171
120.98835	14.619784
121.051584	14.556934
121.153612	14.2061
121.564557	15.759613
121.013093	14.687497
121.004528	14.509634
121.131042	14.714195
123.155164	11.458574
121.042752	14.604102
121.471903	14.142188
121.958122	6.962296
120.998021	14.437479
121.126102	14.58634
120.844204	14.840836
123.944203	10.327303
121.016279	14.560771
125.807774	7.456541
126.353283	8.185952
120.953829	14.457964
120.711297	18.110066
120.581305	14.970975
120.564964	14.937053
121.126352	14.600109
121.028305	14.928199
121.038516	14.684273
121.06863	13.755721
120.993304	14.618147
121.58873	14.023996
121.012579	14.527871
121.066339	14.686044
121.430916	14.201923
121.000432	14.436342
120.299689	16.009075
121.067581	14.584633
120.685115	15.030065
121.430916	14.201923
121.02521	14.728785
121.02192	14.574492
120.697387	15.051671
121.018965	14.480205
121.04797	14.605011
123.723901	13.148937
120.990638	14.617737
120.824412	14.827694
121.167963	14.584946
121.991317	18.264542
121.034303	14.653511
125.710502	7.584849
121.197759	14.468213
121.122735	14.687495
121.008767	13.781806
121.11152	14.612441
121.028767	14.656445
122.262284	13.882154
120.617259	16.408564
121.022408	14.552806
125.812172	7.450362
120.984888	14.611509
121.055801	14.583684
121.026469	14.752234
120.977383	14.651983
120.964448	14.818609
123.227735	13.713615
121.092004	14.622327
121.430916	14.201923
120.924149	14.795765
123.181955	13.645649
120.985217	14.618111
122.37356	11.704182
123.87382	10.297029
121.146903	14.239785
121.265215	13.836659
121.146903	14.239785
121.048665	14.575739
120.81256	14.912864
122.73591	11.603877
121.273104	14.016501
123.238361	9.155381
124.606301	11.010856
121.074122	14.633119
124.591992	8.505998
120.290586	14.849913
121.102014	14.64865
123.503212	9.710021
124.635983	8.490819
121.06304	14.541289
121.011875	13.789508
121.061724	14.635186
121.298649	14.069056
120.999647	14.694058
121.179866	14.589286
121.064139	14.690137
121.099913	14.27624
121.424924	13.920218
120.974576	14.413129
121.557339	14.116692
120.777476	15.125993
121.032148	14.707472
124.601647	6.633545
120.939435	14.705966
122.3303	14.696947
122.372983	11.693951
120.635376	15.184632
121.056174	14.63394
123.180469	13.595184
121.075956	14.673009
121.020677	14.581706
120.961381	14.4041
121.026452	14.752236
120.682897	15.02826
121.180022	13.914129
121.044374	14.710883
123.194794	13.633602
121.190724	14.559863
120.970292	14.121104
121.039346	14.448728
121.426006	13.932759
122.068334	6.92909
121.052619	14.621013
120.584541	15.658966
121.01611	14.58755
120.994946	14.444045
120.948998	15.476162
121.070949	14.515318
122.346974	11.718292
120.887356	14.440449
121.430916	14.201923
120.830373	15.221991
121.512726	14.18282
120.991457	14.561342
121.07617	13.757343
124.847942	6.473183
120.697665	14.863021
121.067143	14.549551
121.02406	14.556835
120.923648	14.409719
125.205785	6.135839
120.529715	15.046986
120.582076	14.923032
121.146962	14.084978
120.853067	14.419806
121.190724	14.559863
125.821988	7.446836
124.842715	6.497989
121.000093	14.657719
120.575775	14.97657
120.958499	14.442851
121.323462	14.153369
121.030136	14.422192
120.829886	14.178522
121.016285	14.738291
121.051362	14.552043
120.991775	14.465969
120.409928	15.99702
120.95835	14.817295
120.892782	14.125247
122.085492	6.908766
121.199086	14.619429
121.264939	14.061124
120.989969	14.576222
121.00406	14.533199
120.975959	14.419737
121.147764	14.73542
121.075323	14.28151
124.845849	6.491413
121.033751	14.571217
121.050819	14.63775
120.994946	14.444045
121.026453	14.567265
121.010613	14.592207
121.035614	14.580005
121.004471	14.583214
120.980598	15.477887
120.977423	14.447462
120.661806	15.08027
120.763044	16.071747
120.928924	14.38541
124.603084	8.489105
121.115671	14.62356
121.09876	14.621563
121.153882	14.618535
120.923612	14.37629
120.59415	16.394324
120.993244	14.618089
120.978817	14.639131
120.999876	14.619032
121.111101	16.387248
121.139242	14.73247
120.973983	14.23561
123.856589	10.273805
121.050932	13.825968
120.847855	14.902681
120.965545	14.670254
121.018362	14.683278
121.050154	14.643916
121.04179	14.468423
121.133902	13.861103
122.069777	6.947853
121.029643	14.591622
121.110546	14.583307
121.088467	14.554023
122.354417	11.716442
123.897711	10.301342
123.747943	13.151995
121.056286	14.583404
120.860445	14.854593
120.59	18.182636
120.487991	14.441514
121.07023	14.811602
120.992076	14.610353
120.958503	14.442857
120.591334	15.665193
124.999946	10.7659
121.021769	14.691735
121.126431	13.93879
123.613584	13.22568
120.922011	14.414389
121.059084	14.546026
121.020798	14.623847
122.054031	6.917225
120.625776	15.222156
121.018264	14.451271
121.361741	14.230644
121.128872	14.260289
120.287612	14.827136
121.035498	14.670303
120.966804	14.602048
120.984829	14.607731
122.10336	6.947545
121.011483	14.584232
120.59853	15.473901
122.412875	10.681323
122.560942	10.749743
122.552261	10.710279
121.176346	16.513707
118.748319	9.76006
120.884249	14.823921
121.726645	17.620777
123.726972	13.354473
121.4795	14.363074
121.557317	15.756941
121.050792	13.769058
125.477364	7.142441
121.164063	13.944922
121.007671	14.610227
120.993219	14.391186
121.00073	14.60628
120.828502	14.871125
121.07748	14.555336
123.739134	13.167305
120.23479	14.880818
121.001847	14.600167
120.969301	14.434172
120.582442	14.973341
121.059018	14.612556
124.008274	10.434713
120.990667	14.418127
122.765741	11.595323
121.028994	14.709488
120.320021	16.632187
120.535794	15.170456
120.998831	14.521649
121.083997	15.546373
120.999416	14.576583
120.384811	17.58063
120.926306	14.365498
125.794124	7.447735
120.99476	14.636327
121.076444	14.651603
120.986241	14.626155
124.86748	6.492663
121.051603	14.639032
121.544463	16.687667
120.882933	14.81154
121.107415	14.606312
120.569094	15.232158
120.426055	16.892867
121.002465	14.543067
121.040555	14.567561
121.419556	14.275221
125.603751	7.08457
120.861082	14.868363
121.002419	14.543071
120.976642	14.597456
121.05901	14.612565
121.045748	14.628907
121.070992	14.553002
120.901922	14.281714
121.148318	13.94108
121.321372	14.079417
121.069875	14.269972
125.566054	7.055786
125.635614	7.124035
120.959027	14.403867
120.764219	14.941716
123.867807	10.290534
120.534763	14.795032
123.209243	13.620221
121.04854	14.560765
121.060864	13.758897
122.564231	10.714153
121.122563	14.291892
120.9891	14.387162
121.076176	13.7573
120.977614	14.232481
120.298485	14.822949
124.603084	8.489105
121.010621	14.53492
121.070521	14.795907
120.992953	14.555132
121.190948	14.580312
120.984125	14.440532
124.828495	6.507298
121.914489	13.997066
125.61812	7.09237
121.092448	14.623293
121.428776	14.424759
121.025657	14.74031
121.108647	14.63291
121.072674	14.530779
121.007037	14.551886
120.951181	14.459073
122.096247	6.917058
123.903711	10.306724
121.310518	14.137441
125.853849	7.367451
120.615713	16.380805
121.024795	14.471493
121.010966	14.534206
121.04022	14.399837
121.027041	14.592301
120.988755	14.596175
120.985248	14.444166
121.007246	14.643629
123.397562	13.425083
123.180469	13.595184
120.956905	14.735518
120.995916	14.436953
120.953472	14.661709
121.082551	14.612445
122.380021	10.677798
122.981966	10.729485
122.556315	10.724963
120.969718	14.684787
120.994815	14.569886
121.071105	14.690935
120.597288	15.452111
120.983094	14.394819
124.005821	12.972133
120.963238	14.607194
121.063983	14.507655
121.150679	14.73291
120.525707	14.683074
120.82983	14.872391
121.065551	14.686818
122.371547	11.693845
125.641191	7.110868
121.049853	14.63634
121.050532	14.681915
123.717965	13.147698
121.041254	14.735293
120.540965	14.664304
121.011027	14.587066
121.064155	14.690118
123.245606	13.609237
121.083995	14.579337
120.226732	16.027922
120.919403	14.31957
121.184555	14.567913
120.858296	14.340503
121.045975	14.568848
122.56194	10.729727
120.994906	14.439963
121.011964	14.578806
125.529095	7.058928
121.563597	13.953038
120.966192	14.604045
121.615876	13.935507
120.985734	14.431475
121.563598	13.953038
121.943797	6.974295
120.732809	14.310515
122.106092	13.9222
121.028153	14.660047
120.939042	14.454449
121.053395	14.581187
120.982791	14.389194
120.980269	14.618925
120.983159	14.647142
121.060173	14.549702
121.047249	14.471587
123.163699	13.582414
125.362092	6.742999
120.583682	15.188246
120.656108	15.063485
121.094469	14.602688
120.997302	14.68728
121.085829	14.321491
121.080692	14.565029
121.0428	14.33795
120.977322	14.347271
121.040468	14.513101
121.205316	14.555912
120.966192	14.604045
120.995857	14.467112
121.050535	13.78936
123.180469	13.595184
120.966192	14.604045
121.094572	14.576599
123.189886	13.640859
120.59971	15.498162
120.9987	14.563472
120.984176	14.614076
121.026219	14.752115
123.248201	13.607443
121.006845	14.613629
121.073957	14.555887
120.973556	14.644214
121.1051	14.607231
121.131567	14.589906
121.0451	14.406548
121.030147	14.707675
121.171142	14.615037
120.984328	14.393244
120.565236	15.732417
121.064652	14.338683
121.526565	13.961348
120.983159	14.647142
120.983205	14.395199
121.942768	6.974565
118.74832	9.76006
120.266921	14.841833
120.955021	14.39772
125.989858	7.701798
121.055752	14.525626
125.189488	6.121978
120.996484	14.571479
121.10814	14.591978
121.012019	14.577376
123.462728	7.848981
121.062676	14.509115
123.960998	10.339591
120.957866	14.665431
120.656108	15.063485
124.269507	8.251526
121.050265	14.571284
120.967531	14.409611
125.208088	6.106731
120.593129	15.144389
123.462729	7.848979
121.078469	14.695632
121.010297	14.529303
120.857713	14.343748
123.892507	10.295895
121.240402	14.52446
123.377736	13.452258
121.062693	14.509112
121.556713	14.111597
121.06154	14.5854
120.984163	14.394634
120.974815	14.624426
121.042624	14.574083
121.032535	14.569855
121.053512	14.565042
121.025197	14.626894
121.11466	14.641816
124.250392	8.240438
121.07798	14.264499
121.033641	14.640455
121.061047	14.63339
121.047586	14.666791
121.10997	14.622409
120.920755	14.803675
121.034648	14.742022
123.86734	13.125343
120.327039	14.849124
121.003314	14.604955
121.0121	14.552565
121.128172	14.270821
121.032298	14.690604
124.755036	8.512387
121.241018	14.52462
120.963451	14.411081
120.603146	15.462904
120.957181	14.716779
123.177962	13.625797
121.241859	14.169692
120.964741	14.618147
121.0552	14.5483
121.139291	14.551119
120.969201	14.427606
121.011503	14.531691
123.94742	10.362481
121.132201	14.745534
120.996858	14.544961
121.048166	14.7699
121.013534	14.495103
120.995804	14.480018
121.045177	14.666605
120.991445	14.497568
120.59967	16.390068
121.007925	14.576873
121.731611	14.18962
122.109636	6.907158
121.048035	14.740532
121.030047	14.566181
120.978605	14.639553
121.007272	14.578925
120.957316	14.691804
120.610128	16.413865
120.996093	14.619424
122.945427	10.655137
121.079842	14.60999
125.49081	7.08727
121.000025	14.47067
121.069078	14.560662
120.992502	14.605471
121.020143	14.330028
121.012873	14.542553
120.973712	14.600533
120.995804	14.480018
121.04058	14.570165
121.072887	14.334822
123.889483	10.301782
120.942349	14.451931
120.987908	14.496226
120.960975	15.481624
121.117078	14.308144
121.041466	14.71757
120.935535	14.711967
121.118564	14.553347
120.974771	14.648639
121.015239	14.586988
122.815543	9.994781
121.033954	14.666829
121.060025	14.612751
121.068917	14.729238
120.982998	14.610822
120.935774	14.292493
121.007483	14.545791
121.92603	13.999587
120.992438	14.505267
123.359923	13.464656
122.9083	14.173278
120.968453	14.395227
125.590169	7.141047
121.062373	14.634366
123.203607	13.622174
121.315825	14.068369
120.994136	14.606046
121.010667	14.490473
118.74527	9.75604
121.012852	14.541771
120.983101	14.395185
118.759555	9.74777
121.41898	13.929885
121.010936	14.308751
121.049195	14.352312
121.060082	14.604866
120.966288	14.630611
121.014746	14.623455
121.114851	14.61569
121.015252	14.586955
121.115308	14.692372
120.585972	15.179199
120.898939	14.309741
120.918451	14.316605
120.970864	14.125343
120.957181	14.716779
121.01289	14.541851
121.010312	14.555135
121.039977	14.465278
121.002991	14.574183
120.935774	14.292493
121.012842	14.541793
121.012842	14.541793
121.115224	14.692467
121.044351	14.417806
121.012843	14.541689
120.943502	14.710067
121.040516	14.513125
120.986253	14.626171
120.943508	14.710021
121.022221	14.782914
120.995791	14.602949
120.982905	14.578007
121.02779	14.211131
120.935774	14.292493
121.000976	14.603087
121.010976	14.586176
123.155164	11.458575
120.300001	14.822555
120.209659	14.923309
120.942069	14.673881
120.903378	14.954203
121.036482	14.719916
121.096621	14.713569
120.877245	14.435461
121.036583	14.719735
123.421627	13.422737
121.399812	13.81724
120.290442	14.853153
121.02689	14.628041
120.991389	14.618026
120.981608	14.698703
121.016138	14.486088
121.016899	14.516697
125.462926	7.189054
120.577974	14.601737
121.143812	14.082915
121.057182	14.584276
121.06442	14.625823
121.027856	14.661045
121.832458	17.028952
120.988093	14.625553
120.702531	14.999858
121.010399	14.444413
120.702531	14.999858
120.99073	14.617746
120.943393	14.415266
120.594994	15.151033
120.584422	15.142604
121.14522	14.554088
120.971093	14.646478
125.097726	8.819224
120.590227	16.392746
121.991317	18.264542
123.830031	9.639381
121.046374	14.338295
124.632096	8.474633
120.583889	15.202813
121.049025	14.60706
121.145757	13.941446
120.584456	15.142631
121.01895	14.59172
121.047036	14.716042
121.01123	14.53011
121.051948	14.547344
125.095019	6.293212
120.660336	15.078628
120.590315	15.182449
121.020009	14.679945
120.264668	15.99452
120.905513	14.302592
120.320182	16.590277
123.202679	13.629755
121.16992	14.620803
121.698943	16.783641
120.986044	14.62558
121.009194	14.564225
120.594226	16.383952
121.006076	14.549241
125.477854	9.773989
122.251919	10.742888
121.019508	14.580087
120.971446	14.647069
121.870132	17.099643
121.18856	14.177137
120.320221	16.590306
121.097247	14.290842
121.129854	14.667222
121.052054	14.600198
124.530776	7.217428
123.875271	10.315083
125.529096	7.058927
122.303945	11.480934
125.362581	6.732452
121.959021	13.493382
124.02167	11.052995
121.101286	14.601029
122.22804	10.64894
120.997286	14.565781
121.048166	14.39629
123.447665	7.831188
121.07571	13.816526
121.061787	14.497651
120.938478	14.348918
120.894286	14.91527
121.112748	13.932852
121.615507	13.935161
121.008096	14.623585
121.04567	14.09452
120.988729	14.596196
125.535571	8.947034
122.115998	10.582739
121.736121	17.632111
120.978825	14.586833
121.025828	14.548661
123.916399	10.338073
124.834649	6.509881
121.052211	14.564726
121.032251	14.563744
120.378715	17.572496
124.674829	6.686199
121.615188	13.93509
124.068782	6.62932
120.536091	14.686307
121.171142	14.615037
121.1051	14.607232
121.0647	14.5491
121.031082	14.497376
123.859791	10.265466
121.0121	14.471207
120.544425	14.683728
120.942341	14.451924
123.196581	13.62711
125.141358	6.11631
121.001425	14.53421
121.141186	14.090252
121.108471	14.557428
121.118937	14.211958
121.234995	14.180928
120.682152	15.039849
120.356876	16.008439
121.045135	14.615392
120.97424	14.223362
124.63033	8.443281
120.978932	14.58685
120.290785	14.830625
121.031581	14.623718
121.043971	14.389085
123.729546	13.355508
124.64249	5.985193
120.801664	14.840872
121.03425	14.55444
123.374749	13.405994
120.917856	15.585385
120.557903	14.963396
121.100366	14.699023
123.898094	10.315287
121.036531	14.612293
120.973993	14.642192
121.079736	14.556487
124.296698	8.005961
121.030852	14.404409
121.02588	14.553675
121.004408	14.592316
121.025226	14.548689
120.996104	14.560662
121.112948	13.931463
121.095808	14.1995
125.629737	7.130126
120.992377	14.599421
121.090088	14.636427
121.318594	13.958795
121.048035	14.669082
123.8954	10.332656
120.991316	14.538433
120.94934	14.764185
120.830104	14.87849
120.630325	15.159781
121.011339	14.473905
125.492251	7.114256
121.525516	13.962552
120.90343	14.824178
120.904734	13.507183
120.904968	15.336958
121.027327	14.669892
121.846453	13.32095
121.103405	14.624335
121.080927	14.541544
120.979982	14.678362
120.960405	14.310887
121.612888	13.940509
125.60494	7.070875
121.127922	14.567821
122.957421	10.68147
121.10107	15.714681
123.890568	10.317121
120.616383	15.22393
121.061745	14.497528
120.971897	14.611634
120.67821	15.801418
121.073156	14.530663
120.643487	15.176882
120.560929	15.112491
121.117582	14.693339
120.957485	15.072795
121.060354	14.328183
120.974053	14.350893
120.950862	14.430821
124.841469	6.496272
120.606103	15.237207
120.679164	15.068434
120.390848	17.592008
120.919823	14.422792
121.074447	14.69558
120.589262	15.170392
120.67821	15.801418
121.059003	13.757816
120.661807	15.080271
125.525419	7.080998
121.04906	14.761782
121.987717	12.406088
121.056213	14.643797
120.98084	14.580312
120.993117	14.50472
121.012122	14.607904
120.980512	15.280531
121.051805	14.603331
120.914443	14.315214
121.035104	14.093608
121.004542	14.687626
121.056118	14.575235
121.139597	14.588949
120.286172	15.896166
121.049545	14.357988
123.626306	8.043374
121.018379	14.559026
121.083376	14.582228
121.163153	13.944679
124.628765	8.426451
121.078338	14.566858
121.069677	14.2007
120.660948	15.080844
121.112052	14.631283
125.087726	7.00864
120.940985	14.067662
120.585116	16.415693
125.618088	7.092485
120.919821	14.422799
121.043306	14.621172
121.012102	14.543315
121.055909	14.551476
122.971264	10.654679
120.836748	14.888681
121.011027	14.572983
120.987909	14.49624
121.528102	13.96415
121.190261	14.466837
120.656108	15.063485
120.656108	15.063485
120.977374	14.414154
121.137642	14.228139
121.078716	14.326906
121.005291	14.597446
120.777211	15.127574
125.637101	7.122451
120.994384	14.562707
120.595656	16.403032
121.069236	14.618839
120.964104	15.309283
121.040015	14.392752
120.572049	14.917766
120.965433	14.608504
121.114971	14.303675
124.620401	8.496543
121.03276	14.729642
120.967196	14.61622
121.006569	13.789051
121.001813	14.589643
120.982932	15.491746
121.062102	14.553571
121.136397	13.956623
120.999018	14.54605
120.590598	15.491522
120.989294	14.576171
120.990183	14.558329
121.065164	14.529419
121.050535	13.789359
120.536063	15.009782
125.5369	7.044706
122.538459	11.121962
121.004971	14.466014
125.686149	7.308105
120.999012	14.546075
121.150128	13.941465
120.402823	16.061701
121.166457	13.410205
120.661807	15.080271
121.154003	14.083463
121.147557	14.647941
120.982379	14.578736
120.985899	14.575617
124.187258	9.609391
120.588071	15.490902
121.038691	14.484408
120.922457	14.373811
121.015481	13.796258
121.105048	14.207042
121.622448	13.945111
120.976133	14.657879
124.867382	6.492585
121.048473	14.574965
122.860927	10.197269
125.615071	7.110074
121.12224	14.6042
121.116119	14.575675
120.877651	14.774483
120.94256	14.664823
121.038294	14.60641
125.579483	7.097908
121.049459	14.553407
120.877651	14.774483
121.025526	14.741272
120.87765	14.774482
120.638016	14.067848
120.591538	15.180974
121.007557	14.471363
122.969221	10.648434
121.083165	14.580818
121.011697	14.537303
122.25712	13.885201
120.931792	14.815284
120.570978	15.237142
120.97233	14.401443
121.048417	13.747663
120.992216	14.593475
121.32448	14.060933
120.967605	13.915311
120.992618	14.713833
120.986276	14.533789
121.053034	14.60434
121.068668	14.345097
120.98839	14.612442
121.000535	14.456502
120.591433	14.943125
121.200893	14.070485
120.978001	15.491598
121.014663	14.469557
122.540028	11.121836
120.986231	14.433708
120.580902	15.494554
121.049169	14.603391
120.596294	16.422458
122.969222	10.648431
125.161709	6.14147
123.987234	10.407815
121.104785	13.907671
122.529501	10.82428
121.615876	13.935627
121.039916	14.572399
121.558236	14.112761
121.06867	14.345097
121.025657	14.562409
121.008206	14.623193
121.039244	14.576268
121.073414	14.64119
123.229877	9.460395
120.996044	14.599784
121.013924	14.530015
120.966864	14.615927
121.020102	14.557585
123.494542	13.684792
121.327912	13.966119
121.063767	14.627038
121.07385	14.534004
120.580244	15.186102
121.044742	14.561153
121.010625	14.419941
121.612263	13.938943
120.98418	14.588107
121.127356	14.633331
120.990759	14.624107
120.593726	15.006415
120.643526	15.176875
120.990522	14.56546
120.990554	14.565412
121.560831	16.696514
121.278515	13.92121
120.949846	14.190513
120.656108	15.063485
121.076198	14.751577
120.590589	15.501392
121.013783	14.386891
121.000441	14.436343
120.667661	15.569825
121.011356	14.531698
121.527494	13.95891
120.996855	14.544977
125.507792	7.03877
120.954116	14.418101
125.504303	8.948167
121.147947	14.733377
121.060476	14.494487
120.959063	14.779073
121.05259	14.331413
121.115675	14.678518
122.552019	10.731815
121.0671	13.76336
120.600911	15.606554
121.021828	14.559409
121.045435	14.862336
120.989172	14.57489
124.63889	8.475164
121.590986	14.028595
120.924567	14.343633
120.915192	14.290818
120.863115	14.806415
121.048577	14.552979
120.952644	14.711294
120.938478	14.348917
121.615871	13.935634
121.068669	14.345097
121.013226	14.608881
123.892	10.3111
124.597316	8.492946
121.103291	14.67047
121.068668	14.345097
125.621602	7.133902
121.047332	13.774362
121.016883	14.418194
121.048531	14.293902
120.964855	14.654013
120.994551	14.565236
121.124601	14.65416
120.993942	14.597361
120.552537	18.06027
120.969409	15.472801
121.006212	14.740369
121.156292	14.661453
121.04751	14.616529
120.551712	14.672871
121.026141	14.560356
121.02268	14.621317
122.141058	6.656977
120.851018	14.413461
121.707205	17.038645
121.115464	14.68663
123.420384	10.478811
120.656108	15.063485
121.014353	14.575634
121.05281	14.564723
120.678904	15.035884
120.991061	14.454408
121.032772	14.4882
120.870568	14.807062
120.994006	14.653967
120.924567	14.343632
121.051759	14.610374
120.998582	14.668547
123.919237	10.325647
121.194588	14.174658
121.030921	14.611846
121.010312	14.555135
125.388599	6.809508
121.013229	14.609344
121.05889	14.57195
121.000358	14.559271
120.881364	14.229059
124.834649	6.509881
120.969569	13.777335
121.047813	14.405336
121.606602	14.013286
120.654561	14.037595
120.990034	14.602673
121.068245	14.243153
120.957874	14.647228
125.628279	7.08925
125.526649	7.038103
120.976456	14.658712
121.120081	14.650489
121.007351	14.534184
125.653152	7.139746
121.147265	14.735407
121.06035	14.7059
121.031682	14.62573
121.032836	14.497667
125.617328	7.105625
121.409447	14.279695
121.048503	14.734946
121.122651	14.618231
123.501348	9.686574
120.930603	14.695896
120.538691	14.676932
121.164755	14.631964
124.834649	6.509881
121.331462	14.227542
123.749511	13.145409
121.331462	14.227542
123.904672	10.325188
120.995914	14.566067
121.060175	14.642895
125.60784	7.060655
120.992973	14.132622
121.625064	13.940779
120.926755	14.725184
121.009045	14.458689
121.157074	14.207713
120.893295	14.950892
121.103399	14.54573
121.032773	14.488201
121.020454	14.703915
120.584424	15.142605
120.976698	14.647951
120.608952	15.205996
120.992973	14.132622
121.007229	14.550782
121.026528	14.550521
120.870317	14.806971
120.957353	14.691743
120.654558	14.037595
121.19042	14.470604
120.994995	14.562766
120.998644	14.706451
120.989617	14.574505
120.576404	15.666981
120.856264	14.882426
120.234479	14.891138
121.0253	14.729748
120.591403	16.400982
123.897238	10.33494
123.66808	10.351026
121.024937	14.588551
120.600028	15.470249
120.151678	16.017742
120.59066	15.168207
121.003381	14.597879
121.024797	15.473528
120.576404	15.666981
123.897238	10.334939
121.014558	14.54526
121.991318	18.264542
121.731611	14.18962
120.598314	15.427932
123.897263	10.334909
120.992973	14.132622
120.692181	15.020227
123.919396	10.379747
121.323313	14.073933
120.996038	14.547557
120.881787	14.843218
120.692836	15.142435
120.96609	15.490233
121.124092	14.691251
120.654658	15.06274
121.04907	14.397547
123.372531	13.403096
120.949835	14.409996
121.055909	14.551476
121.033459	14.65287
120.594158	15.131844
121.065865	14.626678
121.32819	14.072076
120.972276	14.40139
120.684415	15.0277
121.025057	14.740037
121.016883	14.418194
120.668098	15.054701
121.023442	14.423842
120.390637	16.28255
122.753759	11.584895
121.017512	14.646337
121.038804	14.527467
121.045435	14.862336
120.994247	14.563957
121.047143	14.558061
121.02715	14.560449
120.979961	15.489099
125.617328	7.105625
123.889201	10.323041
121.031792	14.331982
120.670034	15.084339
120.95239	14.434606
121.061056	14.708772
120.608044	16.410129
125.617328	7.105625
121.053762	14.53505
120.608965	15.206062
120.684419	15.0277
123.932755	10.31987
120.993876	14.538257
120.964446	14.605187
121.000725	14.281431
120.952264	15.322353
120.596763	15.161228
121.095959	14.329748
121.032695	14.759122
120.997574	14.566052
121.012846	14.541746
121.00878	13.789577
120.870365	14.806944
122.381123	11.698345
120.818184	14.848324
121.059676	14.591235
125.814665	7.454772
121.069478	14.200652
121.019808	14.482728
120.958008	14.786804
120.818182	14.848324
120.811328	14.868994
121.013827	14.542311
125.613445	7.08622
123.737318	10.188982
123.303756	9.298334
121.07385	14.53402
120.989398	14.705551
120.289274	14.831267
121.14296	13.900385
120.914443	14.315214
121.012429	14.547182
121.032152	14.508467
122.951301	10.662979
121.060961	14.587247
120.949774	14.409937
121.141855	13.918542
121.141846	13.91854
121.050172	14.563983
121.171882	13.987384
122.979509	10.722605
124.519345	6.721625
120.608963	15.20607
120.995269	14.564577
121.5577	14.11311
125.122786	8.141564
125.589687	7.054026
120.950431	14.451006
120.935521	14.403199
120.993388	14.662823
120.591222	18.172601
121.15869	13.945788
121.394322	14.14426
120.996917	14.54494
122.860927	10.197269
125.588708	7.050628
121.000292	14.245332
121.06457	14.556247
121.062	14.6595
121.140145	13.943794
121.100673	14.690821
125.612192	7.072873
121.162239	14.21047
123.173949	13.621188
121.007229	14.550782
121.056281	14.586531
121.01392	14.530019
123.720092	13.145101
120.732113	14.883983
121.052944	14.549987
121.029918	14.552142
121.098034	14.610721
119.907099	15.764281
120.892902	14.941347
121.011356	14.696766
120.708	15.012736
120.936963	14.776931
120.967257	14.714542
121.127153	14.661613
121.000307	14.691066
123.905643	10.330129
122.972792	10.651048
121.050407	14.601971
121.009519	14.467328
121.085405	14.693033
121.076161	13.757336
120.985054	14.333464
121.047556	14.609472
120.971259	14.601069
120.975678	14.383986
121.056641	14.585467
118.740808	9.793815
121.10566	14.6507
120.97735	14.683414
121.613046	13.938966
120.578707	15.211708
121.31978	14.062684
121.098034	14.610721
121.047267	14.57443
121.066868	13.75193
124.855678	6.493667
121.015686	14.638385
121.107024	14.655141
121.08033	14.609422
121.169658	13.951794
120.966616	14.655358
124.604436	8.478531
121.016401	14.754864
120.986022	14.720207
121.084795	14.582772
121.10328	14.670551
121.012879	14.541771
120.958466	14.442804
120.2837	14.838114
120.892903	14.941347
123.905072	10.328677
120.592852	14.93328
121.046502	14.629489
120.99763	14.608155
120.660372	15.082364
120.923003	14.426437
120.697833	14.866277
125.567984	7.046397
125.612049	7.090481
121.033459	14.65287
121.13414	14.619241
121.067554	14.777531
121.106625	14.656173
120.972451	14.850918
120.995083	14.609017
121.149242	14.275559
120.936767	14.775526
121.033459	14.65287
120.987844	14.470803
120.782337	15.167063
121.122651	14.618231
120.880445	14.40231
125.576353	7.161878
121.067062	13.781207
121.101818	14.600379
125.483351	9.764246
125.167561	6.140682
124.611685	11.004819
120.992579	14.601382
121.101286	14.610947
121.122271	14.236184
120.999657	14.553848
120.969269	15.778488
121.06722	14.332483
120.591555	15.210036
120.321861	16.646353
120.915493	14.972398
120.755868	15.069299
120.925247	14.406584
120.966045	14.600275
121.05817	14.590431
121.122651	14.618231
125.346068	6.635749
120.994714	14.63137
121.113265	14.243246
120.964122	14.704815
121.225927	14.485657
121.028115	14.660823
120.966419	15.484402
120.911731	14.840475
121.06455	14.556243
121.054992	14.51168
125.679831	7.309015
121.053003	14.621498
124.987593	11.243197
121.134969	14.707691
121.046821	14.565777
122.097612	6.938109
121.030623	14.562895
120.900835	14.879291
121.081524	14.694231
121.078972	14.619816
121.057406	14.647627
120.601796	15.200631
120.949222	15.460099
120.998786	14.668444
120.56519	15.73247
120.997478	14.529498
121.03069	14.58455
121.162962	13.956487
125.388599	6.809508
120.91352	15.308816
121.067492	14.659591
121.156532	13.945411
121.054022	14.581588
121.051822	14.524021
120.81972	14.865246
120.58019	15.241639
125.617546	7.123196
120.828699	14.839964
121.018973	14.663676
120.990254	14.599694
121.050874	14.613303
121.324976	14.05777
123.89875	10.305259
121.057511	14.70098
121.052361	14.310952
120.576061	14.97718
121.058393	14.314575
121.426425	13.928726
120.987611	14.606713
120.993145	14.605161
121.108344	14.669189
121.164393	13.93881
121.099622	14.589319
120.988654	14.396582
120.995944	13.8043
121.01699	14.62183
122.980697	10.797502
120.656108	15.063485
121.57577	16.875408
120.954283	14.647938
125.598673	7.063715
120.994105	14.602256
124.617859	8.459436
121.337183	14.190818
121.060644	14.536284
122.93691	10.652004
120.993366	13.795678
121.100723	14.298566
120.988959	14.605658
121.049404	14.914259
120.933802	14.675201
122.373561	11.704183
121.151123	14.741949
121.034016	14.626418
121.133367	13.950504
121.002914	14.665943
120.943692	15.448615
123.230753	13.621659
121.057538	14.700969
122.373561	11.704183
125.388599	6.809508
121.103152	14.583605
121.1111	14.65948
121.672293	17.649132
120.872075	14.844689
120.943693	15.448615
120.962725	14.619173
120.990916	14.429237
120.790462	15.156218
121.165884	13.959081
124.025348	10.530473
121.044721	14.553405
121.231705	14.180961
123.732939	13.142896
120.413517	15.692747
121.611478	13.954776
120.959649	14.434667
120.285561	14.836962
120.930444	14.448458
121.01735	14.611874
125.808464	7.445647
120.979241	14.657107
122.790945	11.53689
121.051199	14.602994
121.019036	14.525936
121.11112	14.296819
121.17326	14.593176
121.12878	14.62572
120.937636	14.439431
121.478442	14.379702
121.105624	14.647436
121.003726	14.581011
121.312815	14.052827
120.943446	14.673934
120.974947	14.778381
123.897238	10.334939
121.080017	14.606441
124.025348	10.530473
120.649068	14.983133
121.115154	14.576193
121.081616	14.341155
120.605625	15.720915
120.968932	15.499887
122.348649	11.656723
121.975578	6.954357
120.992363	14.605127
121.050763	14.746106
121.022364	14.445413
120.990621	14.561496
123.963918	9.94991
120.295221	14.850116
121.038992	14.615904
121.394423	13.828097
123.180561	13.636745
123.288581	9.293434
121.042743	14.339436
121.206346	14.566746
120.857368	14.343891
121.002646	14.421665
120.987843	14.395602
120.291024	14.857499
121.549208	16.689536
120.608729	15.482483
121.12346	14.06435
121.611982	13.954285
121.222026	14.177205
120.656108	15.063485
125.811517	7.459829
121.09593	14.558315
121.437324	14.126243
120.34691	16.662372
120.291024	14.857499
121.095789	14.328234
123.179848	13.625551
121.065916	14.620449
121.097594	14.598443
121.04072	14.416933
121.424569	13.920124
121.05351	14.545651
121.040917	14.569881
124.774008	8.511812
121.053713	14.546093
120.970483	14.442394
121.437325	14.126243
125.159766	6.170462
120.88575	14.42029
121.039334	14.50429
120.587131	15.145807
120.583925	15.143965
121.110854	14.643743
121.045629	14.802736
121.332042	14.227481
120.985765	14.64089
121.032766	14.729636
120.914443	14.315214
121.12635	14.600108
121.227915	18.566152
122.820874	9.993097
120.955024	15.237399
121.156727	14.565469
121.119431	14.641525
121.331479	14.227527
122.141633	6.65764
121.013608	14.642857
121.185789	14.553955
121.022511	14.432254
120.933736	14.675226
125.627906	7.099675
121.134583	14.565964
121.036926	14.669939
125.388599	6.809508
121.065658	14.340382
121.030033	14.489359
121.094998	14.323313
121.04267	14.524121
121.149556	14.23194
120.986861	14.587931
121.050625	14.663928
123.230754	13.62166
120.990286	14.599864
121.190199	14.604036
121.114948	14.561358
120.982929	14.438095
124.521877	7.229288
121.012118	14.539476
121.099418	14.273611
121.050033	14.487497
120.583827	15.901846
121.116436	14.649883
120.645677	15.083986
121.171852	14.586401
121.618734	13.933237
122.993919	10.66488
124.628765	8.426451
120.92675	14.289994
120.593377	15.15098
120.975959	14.419737
120.591256	15.140026
121.127763	14.698715
120.991622	14.529143
120.728446	14.889244
121.057645	14.616925
121.331761	14.227504
121.070953	14.680638
121.08939	13.987402
121.052405	14.483032
120.999691	14.652245
122.499527	10.863302
124.009937	10.521369
121.062085	14.601209
121.037303	14.592271
120.943824	14.659979
121.024434	14.684234
121.057365	14.61193
121.086844	14.609437
124.839845	6.483776
122.551699	10.698956
121.033715	14.098113
120.437505	15.974027
121.024289	14.430506
120.962169	14.282384
121.032841	14.566048
124.771311	8.509107
121.108239	14.645589
121.409261	14.135077
125.678373	7.307835
120.661807	15.080271
120.513132	14.943576
121.005057	14.493302
120.985629	14.534421
123.621208	12.366334
121.046506	14.822073
122.96704	10.648139
121.333177	14.063495
121.143555	14.577721
120.954232	15.224074
121.036652	14.59881
123.233846	13.621946
121.04145	14.468383
120.953139	14.732901
120.954229	15.22408
121.005367	14.577026
120.52485	15.098567
121.013264	14.52679
121.074021	14.559946
121.025206	14.610247
121.016478	14.351964
121.331479	14.227527
121.096704	14.286283
121.057171	14.710402
121.11198	14.567265
121.779979	16.944598
120.997503	14.529481
121.068668	14.345097
121.00352	14.598021
120.974469	14.391637
121.052082	14.626847
123.650827	13.176877
125.475986	7.115044
120.581017	15.165094
121.157537	14.26755
123.897238	10.334939
120.873282	14.259751
120.967187	14.615498
120.794941	14.933578
120.992492	14.77979
122.533747	11.122163
123.868093	10.303561
122.538387	13.963825
121.010486	14.482111
121.059405	14.640224
121.091447	14.713812
120.993937	14.485382
121.41898	13.929885
120.961846	14.633105
124.619761	8.459889
121.149344	14.199568
120.897767	14.873478
121.012889	14.545235
122.770593	11.572898
123.233847	13.621946
121.074241	14.677259
121.435234	14.241853
120.772017	14.91125
121.050282	14.461856
121.046324	14.404766
123.233846	13.621946
121.086012	14.312225
121.148241	13.940832
120.974324	14.605792
121.103273	14.670487
121.435235	14.241853
120.98511	14.589881
121.04723	14.724856
121.56054	14.109719
121.41898	13.929885
121.126032	14.563051
123.049432	10.600125
122.608228	10.822347
125.241355	6.215719
120.599049	14.987043
121.005508	14.579534
122.087845	6.941044
121.110854	14.643743
121.064218	14.548385
120.975678	14.383986
120.949657	14.412209
121.045696	14.55424
120.992523	14.607054
125.183521	6.126995
120.983217	14.395218
121.078405	13.731362
120.923237	15.724019
121.068669	14.345097
120.975443	14.466961
121.108952	14.323911
120.561954	15.146817
123.928251	10.329187
121.126033	14.563051
120.264667	15.99452
120.892884	14.125026
121.081266	14.510119
121.010301	14.587165
121.006687	14.562998
122.993919	10.66488
122.069747	6.947932
120.999061	14.616665
123.237096	13.645126
121.030025	14.489362
122.936669	10.636323
121.090724	14.633995
120.325718	14.849715
121.01508	14.484388
121.557444	14.11208
121.010299	14.587164
120.772017	14.91125
121.140847	14.626464
120.656108	15.063485
121.975578	6.954357
120.957324	15.48791
120.955201	14.314629
121.115834	14.679756
121.052046	14.626777
120.962355	14.435357
120.623245	14.93497
121.062284	14.564393
121.055733	14.583727
121.134128	14.619281
121.18295	14.605027
121.04525	14.351413
121.130661	14.564745
121.134133	14.619286
120.288823	14.84157
121.040581	14.57015
121.435234	14.241852
121.072563	14.534854
121.212476	13.648796
120.969266	14.427653
123.825502	10.259832
121.08424	14.61341
120.972566	14.59306
121.032772	14.4882
121.024207	14.322136
120.673656	15.085393
120.301669	14.854086
125.600676	7.096679
120.739613	13.94506
121.002016	14.609292
121.182949	14.605027
121.037824	14.468093
121.005467	14.612178
125.799735	7.447451
121.057311	14.587057
121.029584	14.926499
120.992671	14.620039
121.643913	14.726018
121.007693	14.945877
120.539907	15.001447
121.02232	14.749089
125.563266	7.053192
121.6066	14.013286
125.607621	7.074419
120.836748	14.888681
121.179269	14.571176
121.942768	6.974565
120.592489	18.173125
121.133158	13.818232
120.656108	15.063485
121.049285	14.396531
121.555683	14.116238
120.926556	14.366977
121.229311	14.48554
121.045187	14.46147
121.48371	14.359272
120.959595	14.644708
120.586585	15.14493
120.886871	14.424706
120.660371	15.082366
122.759717	11.571066
121.104778	14.649599
121.394423	13.828097
120.450056	17.238462
122.228292	10.649
123.494544	13.684792
122.940048	10.626691
120.577374	15.209503
121.121269	14.618712
121.053358	14.525541
120.56519	15.73247
125.528432	7.046535
120.872074	14.844688
122.833733	14.16598
121.004132	14.544147
120.985871	14.712267
121.411648	14.135983
121.008003	14.659576
121.003064	14.606311
120.880812	13.936225
123.450565	9.547176
120.952945	14.652683
120.999669	14.226993
121.125752	14.680971
120.952945	14.652683
120.967615	14.6099
121.180327	14.216983
123.734968	13.152115
123.879678	10.324232
120.601858	15.496068
120.587136	15.145801
121.110243	14.694856
121.041028	14.094491
121.054323	14.549565
120.995436	14.573838
121.024795	14.750703
120.958466	14.442804
125.621928	7.096963
121.057645	14.616925
121.05453	14.578454
121.146561	14.08352
121.047254	14.724857
121.019	14.606349
120.996902	14.573462
121.113276	14.592291
121.108547	14.61302
121.049234	14.694271
120.347758	16.083741
121.052515	14.531087
120.982067	14.478649
123.873463	10.290564
121.11279	14.587686
121.313196	14.053796
123.513204	13.432643
123.873461	10.290564
120.504355	17.954431
121.018461	14.672068
120.981389	13.845463
124.611981	8.406532
121.021144	14.553199
121.234279	14.517028
121.031791	14.331982
121.080951	14.577715
121.133101	14.257457
120.886872	14.424705
120.974066	14.647138
120.804215	14.872396
120.978181	14.455154
120.652143	15.067521
121.049252	14.390939
120.985936	14.535069
123.9023	10.323847
122.381123	11.698345
120.913859	14.966609
121.611461	13.954795
120.979993	14.615924
120.977323	14.347271
121.130943	14.242813
120.660371	15.082364
120.999671	14.226993
121.131885	14.742425
123.907915	10.315974
120.572312	15.223309
122.55957	10.780668
121.003666	14.634174
121.013334	14.738724
122.754992	11.58302
123.447348	7.828386
121.114388	14.323345
121.048474	14.665952
120.288981	14.847434
123.914169	10.316769
120.230483	14.878979
123.898434	10.32435
121.017462	14.782037
123.417185	13.428802
121.024795	14.750703
121.140842	14.626513
121.11065	14.325249
120.991886	14.706101
121.018668	14.70864
121.080807	14.577411
122.36971	11.699099
122.07189	6.927169
121.068669	14.345098
120.97585	13.814652
121.004051	14.562988
123.4257	7.828602
121.026285	14.751818
121.060814	14.570603
120.961166	14.73798
120.969315	14.600085
121.071326	14.563008
120.99338	14.395469
122.981653	10.729713
120.47462	14.974573
125.511442	7.101586
120.332855	16.046422
121.013096	14.596663
121.049116	14.697316
121.00417	14.544182
120.985765	14.64089
122.966122	10.613034
121.009943	14.526478
121.013157	14.415104
121.123716	14.680428
120.729277	15.066069
121.614799	13.931832
121.04394	14.72553
120.587132	15.145807
121.044762	14.749101
120.230476	14.878976
121.044762	14.749101
120.58357	15.141569
121.052913	14.752557
120.983468	14.123498
120.99956	14.63798
121.080207	14.576292
121.017255	14.67105
122.087845	6.941044
121.177116	14.589111
120.961647	14.391151
120.942371	14.451942
121.096352	14.691359
121.090101	14.635788
123.202443	13.638818
120.587131	15.145807
121.025657	14.697617
121.048802	14.55127
120.288288	14.833774
121.065856	14.552782
121.027028	14.607479
120.976218	14.619906
120.961164	14.422764
120.985028	14.572228
121.098595	14.620942
120.64778	15.250037
121.128665	14.285226
120.789509	14.832686
120.709261	15.036156
121.128521	14.563536
121.308088	14.155229
120.991762	14.652769
121.031159	14.90965
120.970907	14.641827
122.567892	10.696966
123.859474	10.293302
121.050852	14.565698
121.065405	13.783862
120.988341	14.612143
120.954713	14.662997
121.013345	14.64548
120.945696	14.822896
120.320233	16.590251
120.593631	15.492474
121.419292	14.270458
120.967187	14.616044
123.914558	10.368119
121.01059	14.54821
124.631894	8.472799
120.288288	14.833774
122.978147	10.62494
121.024758	14.588749
120.958609	14.700367
121.007588	14.545685
120.978195	14.60075
120.994821	14.631175
120.600057	15.470282
120.836066	14.848086
120.936536	15.414609
121.019252	14.751491
124.007427	12.96915
120.584443	15.142619
120.990089	14.605121
121.075314	14.281273
121.008228	14.644269
121.05965	14.524723
120.972995	14.744183
121.04201	14.398755
120.320234	16.590271
120.588582	16.412605
120.989841	14.615016
121.043634	14.577777
121.399815	13.817251
121.054155	14.627931
120.990514	14.568041
125.008563	11.207185
120.971917	14.589412
120.989665	14.689691
121.084635	14.587858
120.995939	14.632737
121.028102	14.551869
123.922091	10.327331
120.985153	14.611646
121.067128	14.549547
120.600172	15.41907
120.982741	14.578129
121.034856	14.659318
125.607724	7.099491
120.975544	14.372713
121.050101	14.552155
120.972956	14.74422
121.057238	14.522276
121.010442	14.415478
120.587143	15.145754
121.115323	14.55701
123.980846	10.394382
124.844537	6.484543
120.990496	14.600241
123.889827	10.305934
121.024074	14.560189
125.625118	7.108177
120.977332	14.627044
121.013157	14.415104
120.993719	14.536782
121.120997	14.312955
122.559893	10.698119
120.983046	14.395006
120.915878	14.340338
120.980831	14.403056
121.021784	14.424504
122.933181	10.641813
125.607039	7.075924
121.051258	14.454634
122.775062	11.55237
121.083629	14.694845
121.091158	14.701874
121.073947	14.643593
122.961006	10.680545
120.629773	15.323286
121.07184	14.643323
120.995039	14.664914
121.013712	14.77556
123.889373	10.345283
120.999963	14.435975
120.62475	15.170842
121.072036	14.547074
121.006723	14.473435
121.049055	14.633179
121.037839	15.487436
120.929702	14.311326
121.001775	14.611375
121.020666	14.599332
121.038791	14.710265
125.614976	7.087975
120.952375	14.434617
120.972129	14.60146
121.241207	14.167613
121.238131	14.177942
121.171142	14.615037
120.926984	14.363309
125.127762	6.129151
125.614998	7.087983
120.969711	14.680688
125.231743	6.11341
123.729612	13.355481
120.509098	15.195683
124.535037	8.549219
121.039311	14.50427
121.177832	14.084668
121.038118	14.574793
120.96882	14.616997
121.01059	14.54821
120.53586	15.170523
121.082096	14.69546
120.991141	14.386227
121.057486	14.665781
121.152673	14.587379
121.097914	14.618628
120.994518	14.598971
120.993182	14.391144
123.869706	10.309601
120.196271	14.937836
120.997563	14.608231
120.978015	14.441353
121.012866	14.541776
120.282192	14.829076
121.083784	14.700363
121.032879	14.650649
120.998645	14.706451
121.013703	14.775551
121.159777	14.235264
121.060082	14.533401
120.97085	14.759974
120.627223	15.336264
121.009956	14.612001
122.993919	10.66488
120.723612	15.599734
120.981235	14.439335
121.200605	14.465488
121.173915	14.224849
120.96795	14.626741
121.042752	14.863764
121.00893	14.423869
121.017462	14.782037
120.990942	14.602769
120.928345	14.969877
121.002975	14.615777
121.565085	13.953107
120.601974	15.465168
120.927181	14.40328
121.008179	14.459231
121.215139	14.174329
120.952477	14.657853
121.060078	14.523626
121.049772	14.60642
120.873034	14.832087
122.971198	10.654766
121.059764	14.550213
120.989665	14.689691
121.020246	14.684034
120.591714	15.168207
121.059356	14.495558
121.030779	14.655864
121.550499	14.116375
121.00669	14.553707
120.972829	14.660993
121.057486	14.665782
121.09397	14.324982
121.044107	14.689756
121.177722	14.084585
122.257122	13.885202
120.967904	14.626697
122.257122	13.885202
121.029049	14.568055
125.130676	6.14016
120.734151	14.93999
120.586585	15.14493
125.601997	7.093058
122.257122	13.885202
121.029025	14.567963
120.599539	18.191072
121.032048	14.758533
121.087658	14.610326
120.529214	14.971523
121.024442	14.205842
121.068918	14.698991
120.965592	14.629214
120.841432	14.398804
125.231753	6.113402
121.069236	14.618839
121.048646	14.575729
123.724277	13.153951
120.977329	14.59191
121.02196	14.736633
121.059394	14.578323
125.231744	6.113409
121.097599	14.602121
123.893381	10.303696
121.097599	14.602121
125.130684	6.140168
120.994119	14.615832
120.592587	16.379619
121.028311	14.717274
121.022236	14.662346
121.118747	14.603884
121.243308	14.167295
120.960627	14.617005
121.030465	14.596826
123.90939	10.313275
121.097311	14.204319
121.008062	14.545447
121.002058	14.509924
121.143592	14.212456
121.023228	14.557331
120.997087	14.685148
121.08346	14.591421
